day, date, avg, avgh, avgl, hi, hih, hil, lo, loh, lol, precip
0, 2010-01-01, 51.5, 55.4, 47.6, 57.1, 61.4, 52.8, 45.9, 50.3, 41.5, 33.3
1, 2010-01-02, 51.5, 55.4, 47.6, 57.1, 61.4, 52.8, 45.9, 50.3, 41.5, 33.3
2, 2010-01-03, 51.5, 55.4, 47.6, 57.2, 61.5, 52.9, 45.9, 50.3, 41.5, 33.3
3, 2010-01-04, 51.5, 55.4, 47.6, 57.2, 61.6, 52.8, 45.9, 50.3, 41.5, 33.3
4, 2010-01-05, 51.6, 55.5, 47.7, 57.2, 61.6, 52.8, 45.9, 50.3, 41.5, 33.2
5, 2010-01-06, 51.6, 55.5, 47.7, 57.3, 61.7, 52.9, 45.9, 50.2, 41.6, 33.2
6, 2010-01-07, 51.6, 55.5, 47.7, 57.3, 61.7, 52.9, 45.9, 50.2, 41.6, 33.1
7, 2010-01-08, 51.7, 55.6, 47.8, 57.4, 61.8, 53, 45.9, 50.2, 41.6, 33
8, 2010-01-09, 51.7, 55.6, 47.8, 57.5, 61.9, 53.1, 45.9, 50.2, 41.6, 32.9
9, 2010-01-10, 51.8, 55.7, 47.9, 57.5, 61.9, 53.1, 46, 50.2, 41.8, 32.8
10, 2010-01-11, 51.8, 55.6, 48, 57.6, 62, 53.2, 46, 50.2, 41.8, 32.8
11, 2010-01-12, 51.9, 55.7, 48.1, 57.7, 62.1, 53.3, 46, 50.2, 41.8, 32.8
12, 2010-01-13, 51.9, 55.7, 48.1, 57.8, 62.2, 53.4, 46.1, 50.3, 41.9, 32.8
13, 2010-01-14, 52, 55.8, 48.2, 57.9, 62.3, 53.5, 46.1, 50.3, 41.9, 32.9
14, 2010-01-15, 52.1, 55.9, 48.3, 58, 62.5, 53.5, 46.2, 50.3, 42.1, 33
15, 2010-01-16, 52.2, 56, 48.4, 58.1, 62.6, 53.6, 46.2, 50.3, 42.1, 33
16, 2010-01-17, 52.3, 56.1, 48.5, 58.2, 62.7, 53.7, 46.3, 50.4, 42.2, 33.1
17, 2010-01-18, 52.4, 56.2, 48.6, 58.4, 62.9, 53.9, 46.4, 50.5, 42.3, 33.1
18, 2010-01-19, 52.5, 56.3, 48.7, 58.5, 63, 54, 46.4, 50.5, 42.3, 33.2
19, 2010-01-20, 52.6, 56.4, 48.8, 58.6, 63.1, 54.1, 46.5, 50.6, 42.4, 33.2
20, 2010-01-21, 52.7, 56.5, 48.9, 58.7, 63.2, 54.2, 46.6, 50.7, 42.5, 33.3
21, 2010-01-22, 52.8, 56.6, 49, 58.9, 63.4, 54.4, 46.7, 50.8, 42.6, 33.3
22, 2010-01-23, 52.9, 56.7, 49.1, 59, 63.5, 54.5, 46.7, 50.8, 42.6, 33.3
23, 2010-01-24, 53, 56.8, 49.2, 59.1, 63.7, 54.5, 46.8, 50.9, 42.7, 33.3
24, 2010-01-25, 53.1, 56.9, 49.3, 59.3, 63.9, 54.7, 46.9, 51.1, 42.7, 33.3
25, 2010-01-26, 53.2, 57.1, 49.3, 59.4, 64, 54.8, 47, 51.2, 42.8, 33.3
26, 2010-01-27, 53.3, 57.2, 49.4, 59.5, 64.1, 54.9, 47.1, 51.3, 42.9, 33.3
27, 2010-01-28, 53.4, 57.3, 49.5, 59.7, 64.3, 55.1, 47.2, 51.4, 43, 33.3
28, 2010-01-29, 53.6, 57.5, 49.7, 59.8, 64.5, 55.1, 47.3, 51.6, 43, 33.2
29, 2010-01-30, 53.7, 57.6, 49.8, 60, 64.7, 55.3, 47.4, 51.7, 43.1, 33.2
30, 2010-01-31, 53.8, 57.7, 49.9, 60.1, 64.8, 55.4, 47.5, 51.8, 43.2, 33.2
31, 2010-02-01, 53.9, 57.8, 50, 60.2, 64.9, 55.5, 47.6, 51.9, 43.3, 33.2
32, 2010-02-02, 54, 58, 50, 60.4, 65.1, 55.7, 47.7, 52, 43.4, 33.3
33, 2010-02-03, 54.1, 58.1, 50.1, 60.5, 65.3, 55.7, 47.8, 52.1, 43.5, 33.4
34, 2010-02-04, 54.3, 58.3, 50.3, 60.6, 65.4, 55.8, 47.9, 52.2, 43.6, 33.5
35, 2010-02-05, 54.4, 58.4, 50.4, 60.8, 65.6, 56, 48, 52.3, 43.7, 33.7
36, 2010-02-06, 54.5, 58.5, 50.5, 60.9, 65.7, 56.1, 48.1, 52.4, 43.8, 33.9
37, 2010-02-07, 54.6, 58.6, 50.6, 61, 65.8, 56.2, 48.2, 52.5, 43.9, 34.2
38, 2010-02-08, 54.7, 58.7, 50.7, 61.1, 66, 56.2, 48.3, 52.6, 44, 34.4
39, 2010-02-09, 54.8, 58.9, 50.7, 61.3, 66.2, 56.4, 48.4, 52.7, 44.1, 34.6
40, 2010-02-10, 54.9, 59, 50.8, 61.4, 66.3, 56.5, 48.5, 52.8, 44.2, 34.8
41, 2010-02-11, 55, 59.1, 50.9, 61.5, 66.5, 56.5, 48.6, 52.9, 44.3, 35
42, 2010-02-12, 55.2, 59.3, 51.1, 61.6, 66.6, 56.6, 48.7, 53, 44.4, 35.1
43, 2010-02-13, 55.3, 59.4, 51.2, 61.7, 66.7, 56.7, 48.8, 53, 44.6, 35.3
44, 2010-02-14, 55.4, 59.5, 51.3, 61.8, 66.9, 56.7, 48.9, 53.1, 44.7, 35.5
45, 2010-02-15, 55.5, 59.6, 51.4, 61.9, 67, 56.8, 49, 53.2, 44.8, 35.6
46, 2010-02-16, 55.6, 59.7, 51.5, 62, 67.1, 56.9, 49.1, 53.2, 45, 35.8
47, 2010-02-17, 55.7, 59.7, 51.7, 62.1, 67.2, 57, 49.2, 53.3, 45.1, 35.9
48, 2010-02-18, 55.7, 59.7, 51.7, 62.2, 67.3, 57.1, 49.3, 53.4, 45.2, 36.1
49, 2010-02-19, 55.8, 59.8, 51.8, 62.3, 67.5, 57.1, 49.4, 53.4, 45.4, 36.2
50, 2010-02-20, 55.9, 59.9, 51.9, 62.4, 67.6, 57.2, 49.4, 53.4, 45.4, 36.3
51, 2010-02-21, 56, 60, 52, 62.5, 67.7, 57.3, 49.5, 53.5, 45.5, 36.4
52, 2010-02-22, 56.1, 60.1, 52.1, 62.6, 67.8, 57.4, 49.6, 53.5, 45.7, 36.5
53, 2010-02-23, 56.2, 60.1, 52.3, 62.7, 67.9, 57.5, 49.7, 53.6, 45.8, 36.7
54, 2010-02-24, 56.3, 60.2, 52.4, 62.8, 68, 57.6, 49.8, 53.6, 46, 36.8
55, 2010-02-25, 56.4, 60.3, 52.5, 62.9, 68.1, 57.7, 49.8, 53.6, 46, 37
56, 2010-02-26, 56.4, 60.3, 52.5, 63, 68.2, 57.8, 49.9, 53.7, 46.1, 37.3
57, 2010-02-27, 56.5, 60.3, 52.7, 63, 68.1, 57.9, 50, 53.7, 46.3, 37.5
58, 2010-02-28, 56.6, 60.4, 52.8, 63.1, 68.2, 58, 50.1, 53.8, 46.4, 37.8
59, 2010-03-01, 56.7, 60.5, 52.9, 63.2, 68.3, 58.1, 50.1, 53.7, 46.5, 38.1
60, 2010-03-02, 56.7, 60.5, 52.9, 63.3, 68.4, 58.2, 50.2, 53.8, 46.6, 38.2
61, 2010-03-03, 56.8, 60.5, 53.1, 63.4, 68.5, 58.3, 50.3, 53.9, 46.7, 38.2
62, 2010-03-04, 56.9, 60.6, 53.2, 63.5, 68.6, 58.4, 50.3, 53.8, 46.8, 38.1
63, 2010-03-05, 57, 60.7, 53.3, 63.5, 68.6, 58.4, 50.4, 53.9, 46.9, 38
64, 2010-03-06, 57, 60.7, 53.3, 63.6, 68.7, 58.5, 50.4, 53.9, 46.9, 37.9
65, 2010-03-07, 57.1, 60.8, 53.4, 63.7, 68.8, 58.6, 50.5, 53.9, 47.1, 37.7
66, 2010-03-08, 57.2, 60.8, 53.6, 63.8, 68.9, 58.7, 50.5, 53.9, 47.1, 37.5
67, 2010-03-09, 57.2, 60.8, 53.6, 63.9, 69, 58.8, 50.6, 54, 47.2, 37.2
68, 2010-03-10, 57.3, 60.9, 53.7, 64, 69.1, 58.9, 50.6, 53.9, 47.3, 37
69, 2010-03-11, 57.4, 61, 53.8, 64.1, 69.2, 59, 50.7, 54, 47.4, 36.7
70, 2010-03-12, 57.4, 61, 53.8, 64.2, 69.3, 59.1, 50.7, 54, 47.4, 36.3
71, 2010-03-13, 57.5, 61.1, 53.9, 64.3, 69.4, 59.2, 50.8, 54.1, 47.5, 35.8
72, 2010-03-14, 57.6, 61.2, 54, 64.4, 69.5, 59.3, 50.8, 54.1, 47.5, 35.4
73, 2010-03-15, 57.6, 61.2, 54, 64.5, 69.6, 59.4, 50.8, 54, 47.6, 34.8
74, 2010-03-16, 57.7, 61.3, 54.1, 64.6, 69.7, 59.5, 50.9, 54.1, 47.7, 34.3
75, 2010-03-17, 57.8, 61.4, 54.2, 64.7, 69.8, 59.6, 50.9, 54.1, 47.7, 33.8
76, 2010-03-18, 57.8, 61.5, 54.1, 64.8, 70, 59.6, 50.9, 54.1, 47.7, 33.2
77, 2010-03-19, 57.9, 61.6, 54.2, 64.9, 70.1, 59.7, 51, 54.2, 47.8, 32.5
78, 2010-03-20, 58, 61.7, 54.3, 65, 70.3, 59.7, 51, 54.2, 47.8, 31.9
79, 2010-03-21, 58, 61.7, 54.3, 65.1, 70.4, 59.8, 51, 54.1, 47.9, 31.3
80, 2010-03-22, 58.1, 61.9, 54.3, 65.2, 70.6, 59.8, 51, 54.1, 47.9, 30.7
81, 2010-03-23, 58.2, 62, 54.4, 65.3, 70.7, 59.9, 51.1, 54.2, 48, 30.1
82, 2010-03-24, 58.2, 62, 54.4, 65.4, 70.9, 59.9, 51.1, 54.2, 48, 29.4
83, 2010-03-25, 58.3, 62.1, 54.5, 65.5, 71.1, 59.9, 51.1, 54.2, 48, 28.7
84, 2010-03-26, 58.4, 62.3, 54.5, 65.6, 71.2, 60, 51.1, 54.1, 48.1, 28
85, 2010-03-27, 58.4, 62.3, 54.5, 65.7, 71.4, 60, 51.2, 54.2, 48.2, 27.2
86, 2010-03-28, 58.5, 62.4, 54.6, 65.8, 71.5, 60.1, 51.2, 54.2, 48.2, 26.5
87, 2010-03-29, 58.6, 62.5, 54.7, 65.9, 71.7, 60.1, 51.2, 54.2, 48.2, 25.8
88, 2010-03-30, 58.6, 62.6, 54.6, 66, 71.8, 60.2, 51.2, 54.2, 48.2, 25.1
89, 2010-03-31, 58.7, 62.7, 54.7, 66.1, 72, 60.2, 51.2, 54.2, 48.2, 24.4
90, 2010-04-01, 58.8, 62.8, 54.8, 66.2, 72.1, 60.3, 51.3, 54.3, 48.3, 23.8
91, 2010-04-02, 58.8, 62.8, 54.8, 66.3, 72.2, 60.4, 51.3, 54.2, 48.4, 23.2
92, 2010-04-03, 58.9, 62.9, 54.9, 66.5, 72.5, 60.5, 51.3, 54.2, 48.4, 22.7
93, 2010-04-04, 59, 63, 55, 66.6, 72.6, 60.6, 51.4, 54.3, 48.5, 22.1
94, 2010-04-05, 59, 63, 55, 66.7, 72.7, 60.7, 51.4, 54.3, 48.5, 21.7
95, 2010-04-06, 59.1, 63.1, 55.1, 66.8, 72.8, 60.8, 51.4, 54.3, 48.5, 21.2
96, 2010-04-07, 59.2, 63.2, 55.2, 66.9, 72.9, 60.9, 51.4, 54.3, 48.5, 20.8
97, 2010-04-08, 59.2, 63.2, 55.2, 67, 73.1, 60.9, 51.5, 54.4, 48.6, 20.4
98, 2010-04-09, 59.3, 63.3, 55.3, 67, 73.1, 60.9, 51.5, 54.3, 48.7, 20
99, 2010-04-10, 59.3, 63.3, 55.3, 67.1, 73.2, 61, 51.6, 54.4, 48.8, 19.7
100, 2010-04-11, 59.4, 63.5, 55.3, 67.2, 73.3, 61.1, 51.6, 54.4, 48.8, 19.4
101, 2010-04-12, 59.5, 63.6, 55.4, 67.3, 73.5, 61.1, 51.6, 54.4, 48.8, 19.2
102, 2010-04-13, 59.5, 63.6, 55.4, 67.4, 73.6, 61.2, 51.7, 54.5, 48.9, 19
103, 2010-04-14, 59.6, 63.7, 55.5, 67.5, 73.7, 61.3, 51.7, 54.5, 48.9, 18.7
104, 2010-04-15, 59.7, 63.8, 55.6, 67.6, 73.8, 61.4, 51.8, 54.6, 49, 18.5
105, 2010-04-16, 59.7, 63.8, 55.6, 67.6, 73.8, 61.4, 51.8, 54.6, 49, 18.4
106, 2010-04-17, 59.8, 63.9, 55.7, 67.7, 73.9, 61.5, 51.9, 54.7, 49.1, 18.2
107, 2010-04-18, 59.9, 64, 55.8, 67.8, 74, 61.6, 52, 54.9, 49.1, 18.1
108, 2010-04-19, 59.9, 64, 55.8, 67.8, 74.1, 61.5, 52, 54.9, 49.1, 17.9
109, 2010-04-20, 60, 64.1, 55.9, 67.9, 74.2, 61.6, 52.1, 55, 49.2, 17.7
110, 2010-04-21, 60.1, 64.2, 56, 68, 74.3, 61.7, 52.1, 55, 49.2, 17.5
111, 2010-04-22, 60.1, 64.2, 56, 68, 74.3, 61.7, 52.2, 55.1, 49.3, 17.3
112, 2010-04-23, 60.2, 64.3, 56.1, 68.1, 74.4, 61.8, 52.3, 55.2, 49.4, 17.1
113, 2010-04-24, 60.3, 64.4, 56.2, 68.1, 74.4, 61.8, 52.4, 55.3, 49.5, 16.9
114, 2010-04-25, 60.3, 64.4, 56.2, 68.2, 74.4, 62, 52.4, 55.2, 49.6, 16.7
115, 2010-04-26, 60.4, 64.5, 56.3, 68.3, 74.5, 62.1, 52.5, 55.3, 49.7, 16.4
116, 2010-04-27, 60.4, 64.5, 56.3, 68.3, 74.5, 62.1, 52.6, 55.4, 49.8, 16.2
117, 2010-04-28, 60.5, 64.5, 56.5, 68.4, 74.6, 62.2, 52.7, 55.5, 49.9, 15.9
118, 2010-04-29, 60.6, 64.6, 56.6, 68.4, 74.6, 62.2, 52.7, 55.5, 49.9, 15.7
119, 2010-04-30, 60.6, 64.6, 56.6, 68.5, 74.7, 62.3, 52.8, 55.6, 50, 15.5
120, 2010-05-01, 60.7, 64.7, 56.7, 68.5, 74.6, 62.4, 52.9, 55.7, 50.1, 15.2
121, 2010-05-02, 60.8, 64.8, 56.8, 68.6, 74.7, 62.5, 53, 55.8, 50.2, 14.9
122, 2010-05-03, 60.8, 64.8, 56.8, 68.6, 74.7, 62.5, 53.1, 55.9, 50.3, 14.6
123, 2010-05-04, 60.9, 64.9, 56.9, 68.7, 74.8, 62.6, 53.2, 56, 50.4, 14.4
124, 2010-05-05, 61, 65, 57, 68.7, 74.8, 62.6, 53.3, 56.1, 50.5, 14.1
125, 2010-05-06, 61.1, 65, 57.2, 68.8, 74.8, 62.8, 53.4, 56.2, 50.6, 13.7
126, 2010-05-07, 61.1, 65, 57.2, 68.8, 74.8, 62.8, 53.4, 56.2, 50.6, 13.4
127, 2010-05-08, 61.2, 65.1, 57.3, 68.9, 74.9, 62.9, 53.5, 56.3, 50.7, 13.1
128, 2010-05-09, 61.3, 65.2, 57.4, 68.9, 74.9, 62.9, 53.6, 56.3, 50.9, 12.7
129, 2010-05-10, 61.3, 65.2, 57.4, 69, 74.9, 63.1, 53.7, 56.4, 51, 12.4
130, 2010-05-11, 61.4, 65.2, 57.6, 69, 74.9, 63.1, 53.8, 56.5, 51.1, 12.1
131, 2010-05-12, 61.5, 65.3, 57.7, 69.1, 75, 63.2, 53.9, 56.6, 51.2, 11.9
132, 2010-05-13, 61.6, 65.4, 57.8, 69.1, 75, 63.2, 54, 56.7, 51.3, 11.6
133, 2010-05-14, 61.6, 65.4, 57.8, 69.2, 75.1, 63.3, 54.1, 56.8, 51.4, 11.3
134, 2010-05-15, 61.7, 65.5, 57.9, 69.3, 75.1, 63.5, 54.2, 56.9, 51.5, 11
135, 2010-05-16, 61.8, 65.5, 58.1, 69.3, 75.1, 63.5, 54.2, 56.8, 51.6, 10.7
136, 2010-05-17, 61.9, 65.6, 58.2, 69.4, 75.2, 63.6, 54.3, 56.9, 51.7, 10.4
137, 2010-05-18, 61.9, 65.6, 58.2, 69.5, 75.3, 63.7, 54.4, 57, 51.8, 10
138, 2010-05-19, 62, 65.7, 58.3, 69.5, 75.3, 63.7, 54.5, 57.1, 51.9, 9.7
139, 2010-05-20, 62.1, 65.8, 58.4, 69.6, 75.3, 63.9, 54.6, 57.2, 52, 9.5
140, 2010-05-21, 62.2, 65.8, 58.6, 69.7, 75.4, 64, 54.7, 57.2, 52.2, 9.2
141, 2010-05-22, 62.2, 65.8, 58.6, 69.8, 75.5, 64.1, 54.7, 57.2, 52.2, 9
142, 2010-05-23, 62.3, 65.9, 58.7, 69.8, 75.5, 64.1, 54.8, 57.3, 52.3, 8.7
143, 2010-05-24, 62.4, 66, 58.8, 69.9, 75.6, 64.2, 54.9, 57.4, 52.4, 8.5
144, 2010-05-25, 62.5, 66.1, 58.9, 70, 75.7, 64.3, 55, 57.5, 52.5, 8.3
145, 2010-05-26, 62.6, 66.2, 59, 70.1, 75.9, 64.3, 55, 57.5, 52.5, 8.1
146, 2010-05-27, 62.6, 66.2, 59, 70.2, 76, 64.4, 55.1, 57.6, 52.6, 7.9
147, 2010-05-28, 62.7, 66.3, 59.1, 70.3, 76.1, 64.5, 55.2, 57.7, 52.7, 7.6
148, 2010-05-29, 62.8, 66.5, 59.1, 70.4, 76.2, 64.6, 55.2, 57.7, 52.7, 7.4
149, 2010-05-30, 62.9, 66.6, 59.2, 70.4, 76.2, 64.6, 55.3, 57.8, 52.8, 7.2
150, 2010-05-31, 62.9, 66.6, 59.2, 70.5, 76.3, 64.7, 55.4, 57.9, 52.9, 7
151, 2010-06-01, 63, 66.7, 59.3, 70.6, 76.5, 64.7, 55.4, 57.9, 52.9, 6.8
152, 2010-06-02, 63.1, 66.8, 59.4, 70.7, 76.6, 64.8, 55.5, 58, 53, 6.7
153, 2010-06-03, 63.2, 67, 59.4, 70.8, 76.8, 64.8, 55.6, 58.1, 53.1, 6.5
154, 2010-06-04, 63.2, 67, 59.4, 70.9, 76.9, 64.9, 55.6, 58.1, 53.1, 6.3
155, 2010-06-05, 63.3, 67.1, 59.5, 71, 77, 65, 55.7, 58.2, 53.2, 6.2
156, 2010-06-06, 63.4, 67.2, 59.6, 71.1, 77.2, 65, 55.7, 58.2, 53.2, 6
157, 2010-06-07, 63.5, 67.4, 59.6, 71.1, 77.2, 65, 55.8, 58.4, 53.2, 5.9
158, 2010-06-08, 63.5, 67.4, 59.6, 71.2, 77.4, 65, 55.8, 58.4, 53.2, 5.7
159, 2010-06-09, 63.6, 67.5, 59.7, 71.3, 77.5, 65.1, 55.9, 58.5, 53.3, 5.5
160, 2010-06-10, 63.7, 67.6, 59.8, 71.4, 77.6, 65.2, 55.9, 58.5, 53.3, 5.3
161, 2010-06-11, 63.7, 67.7, 59.7, 71.4, 77.7, 65.1, 56, 58.6, 53.4, 5.2
162, 2010-06-12, 63.8, 67.8, 59.8, 71.5, 77.8, 65.2, 56, 58.6, 53.4, 5
163, 2010-06-13, 63.8, 67.8, 59.8, 71.6, 77.9, 65.3, 56.1, 58.7, 53.5, 4.9
164, 2010-06-14, 63.9, 67.9, 59.9, 71.6, 77.9, 65.3, 56.1, 58.7, 53.5, 4.7
165, 2010-06-15, 63.9, 67.9, 59.9, 71.7, 78, 65.4, 56.2, 58.8, 53.6, 4.6
166, 2010-06-16, 64, 68, 60, 71.8, 78.1, 65.5, 56.2, 58.8, 53.6, 4.5
167, 2010-06-17, 64.1, 68.1, 60.1, 71.8, 78.1, 65.5, 56.3, 58.9, 53.7, 4.4
168, 2010-06-18, 64.1, 68.1, 60.1, 71.9, 78.2, 65.6, 56.3, 58.9, 53.7, 4.3
169, 2010-06-19, 64.1, 68.1, 60.1, 71.9, 78.2, 65.6, 56.4, 59, 53.8, 4.2
170, 2010-06-20, 64.2, 68.2, 60.2, 71.9, 78.2, 65.6, 56.4, 59, 53.8, 4.1
171, 2010-06-21, 64.2, 68.2, 60.2, 72, 78.3, 65.7, 56.5, 59.1, 53.9, 4
172, 2010-06-22, 64.3, 68.3, 60.3, 72, 78.3, 65.7, 56.5, 59.1, 53.9, 4
173, 2010-06-23, 64.3, 68.3, 60.3, 72, 78.3, 65.7, 56.6, 59.2, 54, 3.9
174, 2010-06-24, 64.3, 68.3, 60.3, 72.1, 78.4, 65.8, 56.6, 59.2, 54, 3.8
175, 2010-06-25, 64.4, 68.4, 60.4, 72.1, 78.4, 65.8, 56.7, 59.3, 54.1, 3.8
176, 2010-06-26, 64.4, 68.4, 60.4, 72.1, 78.3, 65.9, 56.7, 59.3, 54.1, 3.8
177, 2010-06-27, 64.4, 68.4, 60.4, 72.1, 78.3, 65.9, 56.8, 59.4, 54.2, 3.7
178, 2010-06-28, 64.5, 68.5, 60.5, 72.1, 78.3, 65.9, 56.8, 59.4, 54.2, 3.7
179, 2010-06-29, 64.5, 68.5, 60.5, 72.1, 78.3, 65.9, 56.8, 59.4, 54.2, 3.6
180, 2010-06-30, 64.5, 68.4, 60.6, 72.1, 78.2, 66, 56.9, 59.5, 54.3, 3.5
181, 2010-07-01, 64.5, 68.4, 60.6, 72.1, 78.2, 66, 56.9, 59.5, 54.3, 3.4
182, 2010-07-02, 64.5, 68.4, 60.6, 72.1, 78.2, 66, 57, 59.6, 54.4, 3.2
183, 2010-07-03, 64.6, 68.5, 60.7, 72.1, 78.1, 66.1, 57, 59.6, 54.4, 3.1
184, 2010-07-04, 64.6, 68.5, 60.7, 72.1, 78.1, 66.1, 57.1, 59.7, 54.5, 3
185, 2010-07-05, 64.6, 68.4, 60.8, 72.1, 78, 66.2, 57.1, 59.7, 54.5, 2.9
186, 2010-07-06, 64.6, 68.4, 60.8, 72.1, 77.9, 66.3, 57.2, 59.8, 54.6, 2.8
187, 2010-07-07, 64.6, 68.3, 60.9, 72.1, 77.9, 66.3, 57.2, 59.8, 54.6, 2.7
188, 2010-07-08, 64.6, 68.3, 60.9, 72.1, 77.8, 66.4, 57.2, 59.8, 54.6, 2.6
189, 2010-07-09, 64.7, 68.4, 61, 72, 77.6, 66.4, 57.3, 59.9, 54.7, 2.5
190, 2010-07-10, 64.7, 68.3, 61.1, 72, 77.5, 66.5, 57.3, 59.8, 54.8, 2.4
191, 2010-07-11, 64.7, 68.3, 61.1, 72, 77.5, 66.5, 57.4, 59.9, 54.9, 2.3
192, 2010-07-12, 64.7, 68.2, 61.2, 72, 77.4, 66.6, 57.4, 59.9, 54.9, 2.2
193, 2010-07-13, 64.7, 68.2, 61.2, 72, 77.4, 66.6, 57.4, 59.9, 54.9, 2.2
194, 2010-07-14, 64.7, 68.2, 61.2, 72, 77.3, 66.7, 57.5, 60, 55, 2.1
195, 2010-07-15, 64.7, 68.2, 61.2, 71.9, 77.2, 66.6, 57.5, 60, 55, 2
196, 2010-07-16, 64.7, 68.2, 61.2, 71.9, 77.2, 66.6, 57.5, 60, 55, 1.9
197, 2010-07-17, 64.7, 68.2, 61.2, 71.9, 77.2, 66.6, 57.6, 60.1, 55.1, 1.9
198, 2010-07-18, 64.8, 68.3, 61.3, 71.9, 77.2, 66.6, 57.6, 60.1, 55.1, 1.8
199, 2010-07-19, 64.8, 68.3, 61.3, 71.9, 77.2, 66.6, 57.6, 60.1, 55.1, 1.7
200, 2010-07-20, 64.8, 68.3, 61.3, 71.9, 77.2, 66.6, 57.7, 60.2, 55.2, 1.7
201, 2010-07-21, 64.8, 68.3, 61.3, 71.9, 77.2, 66.6, 57.7, 60.1, 55.3, 1.6
202, 2010-07-22, 64.8, 68.3, 61.3, 71.9, 77.2, 66.6, 57.7, 60.1, 55.3, 1.5
203, 2010-07-23, 64.8, 68.3, 61.3, 71.9, 77.2, 66.6, 57.7, 60.1, 55.3, 1.4
204, 2010-07-24, 64.9, 68.3, 61.5, 71.9, 77.2, 66.6, 57.8, 60.2, 55.4, 1.4
205, 2010-07-25, 64.9, 68.3, 61.5, 71.9, 77.2, 66.6, 57.8, 60.2, 55.4, 1.3
206, 2010-07-26, 64.9, 68.3, 61.5, 72, 77.2, 66.8, 57.8, 60.2, 55.4, 1.2
207, 2010-07-27, 64.9, 68.3, 61.5, 72, 77.2, 66.8, 57.9, 60.2, 55.6, 1.2
208, 2010-07-28, 64.9, 68.3, 61.5, 72, 77.2, 66.8, 57.9, 60.2, 55.6, 1.1
209, 2010-07-29, 65, 68.4, 61.6, 72, 77.2, 66.8, 57.9, 60.2, 55.6, 1.1
210, 2010-07-30, 65, 68.3, 61.7, 72.1, 77.3, 66.9, 57.9, 60.1, 55.7, 1.1
211, 2010-07-31, 65, 68.3, 61.7, 72.1, 77.3, 66.9, 58, 60.2, 55.8, 1.1
212, 2010-08-01, 65.1, 68.4, 61.8, 72.1, 77.3, 66.9, 58, 60.2, 55.8, 1.1
213, 2010-08-02, 65.1, 68.4, 61.8, 72.2, 77.4, 67, 58, 60.2, 55.8, 1.2
214, 2010-08-03, 65.1, 68.4, 61.8, 72.2, 77.4, 67, 58, 60.1, 55.9, 1.2
215, 2010-08-04, 65.2, 68.4, 62, 72.3, 77.5, 67.1, 58.1, 60.2, 56, 1.2
216, 2010-08-05, 65.2, 68.4, 62, 72.3, 77.5, 67.1, 58.1, 60.2, 56, 1.3
217, 2010-08-06, 65.2, 68.5, 61.9, 72.4, 77.6, 67.2, 58.1, 60.2, 56, 1.3
218, 2010-08-07, 65.3, 68.6, 62, 72.4, 77.7, 67.1, 58.1, 60.2, 56, 1.3
219, 2010-08-08, 65.3, 68.6, 62, 72.5, 77.8, 67.2, 58.2, 60.3, 56.1, 1.3
220, 2010-08-09, 65.4, 68.7, 62.1, 72.5, 77.8, 67.2, 58.2, 60.3, 56.1, 1.4
221, 2010-08-10, 65.4, 68.6, 62.2, 72.6, 77.8, 67.4, 58.2, 60.3, 56.1, 1.4
222, 2010-08-11, 65.4, 68.6, 62.2, 72.6, 77.8, 67.4, 58.2, 60.3, 56.1, 1.4
223, 2010-08-12, 65.5, 68.7, 62.3, 72.7, 77.9, 67.5, 58.3, 60.4, 56.2, 1.5
224, 2010-08-13, 65.5, 68.7, 62.3, 72.8, 78, 67.6, 58.3, 60.4, 56.2, 1.5
225, 2010-08-14, 65.6, 68.8, 62.4, 72.8, 78, 67.6, 58.3, 60.4, 56.2, 1.6
226, 2010-08-15, 65.6, 68.8, 62.4, 72.9, 78.1, 67.7, 58.4, 60.5, 56.3, 1.6
227, 2010-08-16, 65.7, 68.9, 62.5, 73, 78.2, 67.8, 58.4, 60.5, 56.3, 1.6
228, 2010-08-17, 65.7, 68.9, 62.5, 73, 78.2, 67.8, 58.4, 60.5, 56.3, 1.7
229, 2010-08-18, 65.8, 69, 62.6, 73.1, 78.3, 67.9, 58.4, 60.4, 56.4, 1.7
230, 2010-08-19, 65.8, 69, 62.6, 73.2, 78.4, 68, 58.5, 60.5, 56.5, 1.8
231, 2010-08-20, 65.9, 69.1, 62.7, 73.3, 78.5, 68.1, 58.5, 60.5, 56.5, 1.8
232, 2010-08-21, 65.9, 69.1, 62.7, 73.3, 78.5, 68.1, 58.5, 60.5, 56.5, 1.9
233, 2010-08-22, 66, 69.2, 62.8, 73.4, 78.6, 68.2, 58.6, 60.6, 56.6, 1.9
234, 2010-08-23, 66, 69.2, 62.8, 73.5, 78.7, 68.3, 58.6, 60.6, 56.6, 2
235, 2010-08-24, 66.1, 69.3, 62.9, 73.5, 78.7, 68.3, 58.6, 60.6, 56.6, 2.1
236, 2010-08-25, 66.1, 69.3, 62.9, 73.6, 78.8, 68.4, 58.7, 60.8, 56.6, 2.2
237, 2010-08-26, 66.2, 69.5, 62.9, 73.7, 79, 68.4, 58.7, 60.8, 56.6, 2.3
238, 2010-08-27, 66.2, 69.5, 62.9, 73.7, 79, 68.4, 58.7, 60.8, 56.6, 2.4
239, 2010-08-28, 66.3, 69.6, 63, 73.8, 79.1, 68.5, 58.8, 60.9, 56.7, 2.6
240, 2010-08-29, 66.3, 69.6, 63, 73.8, 79.2, 68.4, 58.8, 60.9, 56.7, 2.7
241, 2010-08-30, 66.4, 69.8, 63, 73.9, 79.3, 68.5, 58.8, 60.9, 56.7, 2.9
242, 2010-08-31, 66.4, 69.8, 63, 73.9, 79.4, 68.4, 58.9, 61, 56.8, 3
243, 2010-09-01, 66.4, 69.8, 63, 74, 79.5, 68.5, 58.9, 61, 56.8, 3.1
244, 2010-09-02, 66.5, 70, 63, 74, 79.6, 68.4, 58.9, 61.1, 56.7, 3.2
245, 2010-09-03, 66.5, 70, 63, 74.1, 79.7, 68.5, 58.9, 61.1, 56.7, 3.4
246, 2010-09-04, 66.6, 70.1, 63.1, 74.1, 79.7, 68.5, 59, 61.2, 56.8, 3.5
247, 2010-09-05, 66.6, 70.1, 63.1, 74.2, 79.9, 68.5, 59, 61.2, 56.8, 3.6
248, 2010-09-06, 66.6, 70.2, 63, 74.2, 79.9, 68.5, 59, 61.2, 56.8, 3.8
249, 2010-09-07, 66.6, 70.2, 63, 74.3, 80, 68.6, 59, 61.2, 56.8, 3.9
250, 2010-09-08, 66.7, 70.3, 63.1, 74.3, 80.1, 68.5, 59, 61.3, 56.7, 4.1
251, 2010-09-09, 66.7, 70.3, 63.1, 74.3, 80.1, 68.5, 59.1, 61.4, 56.8, 4.2
252, 2010-09-10, 66.7, 70.3, 63.1, 74.3, 80.1, 68.5, 59.1, 61.4, 56.8, 4.4
253, 2010-09-11, 66.7, 70.4, 63, 74.4, 80.3, 68.5, 59.1, 61.4, 56.8, 4.5
254, 2010-09-12, 66.7, 70.4, 63, 74.4, 80.3, 68.5, 59.1, 61.4, 56.8, 4.6
255, 2010-09-13, 66.7, 70.4, 63, 74.4, 80.4, 68.4, 59.1, 61.4, 56.8, 4.8
256, 2010-09-14, 66.7, 70.4, 63, 74.4, 80.4, 68.4, 59.1, 61.4, 56.8, 4.9
257, 2010-09-15, 66.7, 70.5, 62.9, 74.4, 80.5, 68.3, 59.1, 61.5, 56.7, 5.1
258, 2010-09-16, 66.7, 70.5, 62.9, 74.4, 80.5, 68.3, 59, 61.4, 56.6, 5.3
259, 2010-09-17, 66.7, 70.5, 62.9, 74.4, 80.6, 68.2, 59, 61.4, 56.6, 5.4
260, 2010-09-18, 66.7, 70.5, 62.9, 74.4, 80.6, 68.2, 59, 61.4, 56.6, 5.6
261, 2010-09-19, 66.7, 70.6, 62.8, 74.4, 80.7, 68.1, 59, 61.4, 56.6, 5.7
262, 2010-09-20, 66.7, 70.6, 62.8, 74.4, 80.7, 68.1, 58.9, 61.3, 56.5, 5.9
263, 2010-09-21, 66.7, 70.6, 62.8, 74.4, 80.7, 68.1, 58.9, 61.3, 56.5, 6
264, 2010-09-22, 66.6, 70.5, 62.7, 74.4, 80.8, 68, 58.9, 61.3, 56.5, 6.1
265, 2010-09-23, 66.6, 70.5, 62.7, 74.4, 80.8, 68, 58.8, 61.3, 56.3, 6.3
266, 2010-09-24, 66.6, 70.6, 62.6, 74.4, 80.8, 68, 58.8, 61.3, 56.3, 6.4
267, 2010-09-25, 66.5, 70.5, 62.5, 74.3, 80.7, 67.9, 58.7, 61.2, 56.2, 6.5
268, 2010-09-26, 66.5, 70.5, 62.5, 74.3, 80.7, 67.9, 58.7, 61.2, 56.2, 6.6
269, 2010-09-27, 66.4, 70.4, 62.4, 74.3, 80.8, 67.8, 58.6, 61.1, 56.1, 6.7
270, 2010-09-28, 66.4, 70.4, 62.4, 74.2, 80.7, 67.7, 58.5, 61, 56, 6.8
271, 2010-09-29, 66.3, 70.3, 62.3, 74.2, 80.6, 67.8, 58.5, 61, 56, 6.9
272, 2010-09-30, 66.3, 70.3, 62.3, 74.1, 80.5, 67.7, 58.4, 60.9, 55.9, 7.1
273, 2010-10-01, 66.2, 70.2, 62.2, 74.1, 80.5, 67.7, 58.3, 60.8, 55.8, 7.3
274, 2010-10-02, 66.1, 70.1, 62.1, 74, 80.4, 67.6, 58.2, 60.7, 55.7, 7.5
275, 2010-10-03, 66, 70, 62, 73.9, 80.3, 67.5, 58.1, 60.6, 55.6, 7.7
276, 2010-10-04, 66, 70, 62, 73.9, 80.3, 67.5, 58.1, 60.7, 55.5, 7.9
277, 2010-10-05, 65.9, 69.9, 61.9, 73.8, 80.2, 67.4, 58, 60.6, 55.4, 8.2
278, 2010-10-06, 65.8, 69.8, 61.8, 73.7, 80.1, 67.3, 57.9, 60.5, 55.3, 8.4
279, 2010-10-07, 65.7, 69.7, 61.7, 73.6, 80, 67.2, 57.8, 60.4, 55.2, 8.6
280, 2010-10-08, 65.6, 69.6, 61.6, 73.5, 79.9, 67.1, 57.6, 60.2, 55, 8.9
281, 2010-10-09, 65.5, 69.5, 61.5, 73.4, 79.8, 67, 57.5, 60.1, 54.9, 9.2
282, 2010-10-10, 65.4, 69.4, 61.4, 73.3, 79.7, 66.9, 57.4, 60, 54.8, 9.5
283, 2010-10-11, 65.3, 69.3, 61.3, 73.2, 79.6, 66.8, 57.3, 59.9, 54.7, 9.8
284, 2010-10-12, 65.1, 69.1, 61.1, 73.1, 79.5, 66.7, 57.2, 59.9, 54.5, 10.1
285, 2010-10-13, 65, 69, 61, 73, 79.3, 66.7, 57.1, 59.8, 54.4, 10.5
286, 2010-10-14, 64.9, 68.9, 60.9, 72.8, 79.1, 66.5, 56.9, 59.6, 54.2, 10.8
287, 2010-10-15, 64.8, 68.8, 60.8, 72.7, 79, 66.4, 56.8, 59.5, 54.1, 11.2
288, 2010-10-16, 64.6, 68.5, 60.7, 72.6, 78.8, 66.4, 56.7, 59.4, 54, 11.6
289, 2010-10-17, 64.5, 68.4, 60.6, 72.4, 78.6, 66.2, 56.6, 59.4, 53.8, 12
290, 2010-10-18, 64.3, 68.2, 60.4, 72.2, 78.3, 66.1, 56.4, 59.2, 53.6, 12.5
291, 2010-10-19, 64.2, 68.1, 60.3, 72.1, 78.1, 66.1, 56.3, 59.1, 53.5, 13
292, 2010-10-20, 64, 67.8, 60.2, 71.9, 77.9, 65.9, 56.2, 59, 53.4, 13.5
293, 2010-10-21, 63.9, 67.7, 60.1, 71.7, 77.6, 65.8, 56, 58.9, 53.1, 14.1
294, 2010-10-22, 63.7, 67.5, 59.9, 71.6, 77.5, 65.7, 55.9, 58.8, 53, 14.6
295, 2010-10-23, 63.5, 67.3, 59.7, 71.4, 77.2, 65.6, 55.7, 58.6, 52.8, 15.2
296, 2010-10-24, 63.4, 67.2, 59.6, 71.2, 76.9, 65.5, 55.6, 58.6, 52.6, 15.8
297, 2010-10-25, 63.2, 66.9, 59.5, 71, 76.7, 65.3, 55.4, 58.4, 52.4, 16.4
298, 2010-10-26, 63, 66.7, 59.3, 70.8, 76.4, 65.2, 55.3, 58.3, 52.3, 17
299, 2010-10-27, 62.8, 66.5, 59.1, 70.5, 76.1, 64.9, 55.1, 58.2, 52, 17.7
300, 2010-10-28, 62.7, 66.4, 59, 70.3, 75.8, 64.8, 55, 58.1, 51.9, 18.3
301, 2010-10-29, 62.5, 66.2, 58.8, 70.1, 75.6, 64.6, 54.8, 58, 51.6, 19
302, 2010-10-30, 62.3, 66, 58.6, 69.9, 75.3, 64.5, 54.7, 57.9, 51.5, 19.5
303, 2010-10-31, 62.1, 65.8, 58.4, 69.6, 75, 64.2, 54.5, 57.7, 51.3, 20.1
304, 2010-11-01, 61.9, 65.6, 58.2, 69.4, 74.8, 64, 54.4, 57.7, 51.1, 20.7
305, 2010-11-02, 61.7, 65.4, 58, 69.1, 74.5, 63.7, 54.2, 57.5, 50.9, 21.2
306, 2010-11-03, 61.5, 65.2, 57.8, 68.9, 74.2, 63.6, 54.1, 57.5, 50.7, 21.7
307, 2010-11-04, 61.3, 65, 57.6, 68.6, 73.9, 63.3, 53.9, 57.3, 50.5, 22.3
308, 2010-11-05, 61.1, 64.8, 57.4, 68.4, 73.6, 63.2, 53.8, 57.2, 50.4, 22.9
309, 2010-11-06, 60.8, 64.5, 57.1, 68.1, 73.3, 62.9, 53.6, 57.1, 50.1, 23.5
310, 2010-11-07, 60.6, 64.3, 56.9, 67.8, 72.9, 62.7, 53.4, 56.9, 49.9, 24.1
311, 2010-11-08, 60.4, 64.1, 56.7, 67.5, 72.6, 62.4, 53.3, 56.8, 49.8, 24.8
312, 2010-11-09, 60.2, 63.9, 56.5, 67.3, 72.3, 62.3, 53.1, 56.6, 49.6, 25.4
313, 2010-11-10, 60, 63.6, 56.4, 67, 72, 62, 53, 56.5, 49.5, 26
314, 2010-11-11, 59.7, 63.3, 56.1, 66.7, 71.6, 61.8, 52.8, 56.3, 49.3, 26.6
315, 2010-11-12, 59.5, 63.1, 55.9, 66.4, 71.3, 61.5, 52.6, 56.1, 49.1, 27.2
316, 2010-11-13, 59.3, 62.9, 55.7, 66.1, 71, 61.2, 52.5, 56, 49, 27.8
317, 2010-11-14, 59.1, 62.7, 55.5, 65.8, 70.6, 61, 52.3, 55.9, 48.7, 28.4
318, 2010-11-15, 58.8, 62.3, 55.3, 65.6, 70.4, 60.8, 52.1, 55.7, 48.5, 29
319, 2010-11-16, 58.6, 62.1, 55.1, 65.3, 70, 60.6, 51.9, 55.5, 48.3, 29.5
320, 2010-11-17, 58.4, 61.9, 54.9, 65, 69.7, 60.3, 51.8, 55.4, 48.2, 30
321, 2010-11-18, 58.1, 61.6, 54.6, 64.7, 69.3, 60.1, 51.6, 55.2, 48, 30.4
322, 2010-11-19, 57.9, 61.4, 54.4, 64.4, 69, 59.8, 51.4, 55, 47.8, 30.8
323, 2010-11-20, 57.7, 61.1, 54.3, 64.1, 68.6, 59.6, 51.3, 54.9, 47.7, 31.2
324, 2010-11-21, 57.5, 60.9, 54.1, 63.8, 68.3, 59.3, 51.1, 54.7, 47.5, 31.6
325, 2010-11-22, 57.2, 60.6, 53.8, 63.5, 67.9, 59.1, 50.9, 54.5, 47.3, 31.9
326, 2010-11-23, 57, 60.4, 53.6, 63.3, 67.7, 58.9, 50.7, 54.3, 47.1, 32.2
327, 2010-11-24, 56.8, 60.2, 53.4, 63, 67.4, 58.6, 50.6, 54.2, 47, 32.4
328, 2010-11-25, 56.5, 59.9, 53.1, 62.7, 67, 58.4, 50.4, 54, 46.8, 32.6
329, 2010-11-26, 56.3, 59.7, 52.9, 62.4, 66.7, 58.1, 50.2, 53.8, 46.6, 32.8
330, 2010-11-27, 56.1, 59.5, 52.7, 62.2, 66.5, 57.9, 50, 53.7, 46.3, 32.9
331, 2010-11-28, 55.9, 59.2, 52.6, 61.9, 66.1, 57.7, 49.9, 53.6, 46.2, 33.1
332, 2010-11-29, 55.7, 59, 52.4, 61.6, 65.8, 57.4, 49.7, 53.4, 46, 33.2
333, 2010-11-30, 55.4, 58.7, 52.1, 61.4, 65.6, 57.2, 49.5, 53.2, 45.8, 33.4
334, 2010-12-01, 55.2, 58.5, 51.9, 61.1, 65.2, 57, 49.3, 53, 45.6, 33.6
335, 2010-12-02, 55, 58.3, 51.7, 60.9, 65, 56.8, 49.2, 52.9, 45.5, 33.8
336, 2010-12-03, 54.8, 58.1, 51.5, 60.6, 64.7, 56.5, 49, 52.7, 45.3, 33.9
337, 2010-12-04, 54.6, 57.9, 51.3, 60.4, 64.5, 56.3, 48.8, 52.5, 45.1, 34.1
338, 2010-12-05, 54.4, 57.7, 51.1, 60.2, 64.3, 56.1, 48.7, 52.5, 44.9, 34.1
339, 2010-12-06, 54.2, 57.6, 50.8, 60, 64.1, 55.9, 48.5, 52.3, 44.7, 34.2
340, 2010-12-07, 54.1, 57.5, 50.7, 59.7, 63.8, 55.6, 48.4, 52.2, 44.6, 34.2
341, 2010-12-08, 53.9, 57.3, 50.5, 59.5, 63.6, 55.4, 48.2, 52.1, 44.3, 34.2
342, 2010-12-09, 53.7, 57.1, 50.3, 59.3, 63.4, 55.2, 48.1, 52, 44.2, 34.2
343, 2010-12-10, 53.5, 57, 50, 59.1, 63.2, 55, 47.9, 51.9, 43.9, 34.2
344, 2010-12-11, 53.4, 56.9, 49.9, 58.9, 63, 54.8, 47.8, 51.8, 43.8, 34.1
345, 2010-12-12, 53.2, 56.8, 49.6, 58.8, 62.9, 54.7, 47.6, 51.7, 43.5, 34
346, 2010-12-13, 53, 56.6, 49.4, 58.6, 62.7, 54.5, 47.5, 51.6, 43.4, 34
347, 2010-12-14, 52.9, 56.5, 49.3, 58.4, 62.5, 54.3, 47.4, 51.6, 43.2, 33.8
348, 2010-12-15, 52.8, 56.5, 49.1, 58.3, 62.4, 54.2, 47.2, 51.4, 43, 33.7
349, 2010-12-16, 52.6, 56.3, 48.9, 58.1, 62.2, 54, 47.1, 51.4, 42.8, 33.5
350, 2010-12-17, 52.5, 56.3, 48.7, 58, 62.1, 53.9, 47, 51.3, 42.7, 33.4
351, 2010-12-18, 52.4, 56.2, 48.6, 57.9, 62.1, 53.7, 46.9, 51.2, 42.6, 33.3
352, 2010-12-19, 52.3, 56.1, 48.5, 57.8, 62, 53.6, 46.8, 51.2, 42.4, 33.2
353, 2010-12-20, 52.2, 56, 48.4, 57.7, 61.9, 53.5, 46.7, 51.1, 42.3, 33.1
354, 2010-12-21, 52.1, 56, 48.2, 57.6, 61.8, 53.4, 46.6, 51, 42.2, 33
355, 2010-12-22, 52, 55.9, 48.1, 57.5, 61.7, 53.3, 46.5, 50.9, 42.1, 33
356, 2010-12-23, 51.9, 55.8, 48, 57.4, 61.6, 53.2, 46.4, 50.8, 42, 33
357, 2010-12-24, 51.8, 55.7, 47.9, 57.3, 61.5, 53.1, 46.3, 50.7, 41.9, 33
358, 2010-12-25, 51.8, 55.7, 47.9, 57.3, 61.5, 53.1, 46.2, 50.6, 41.8, 33
359, 2010-12-26, 51.7, 55.6, 47.8, 57.2, 61.4, 53, 46.2, 50.6, 41.8, 33.1
360, 2010-12-27, 51.7, 55.6, 47.8, 57.2, 61.4, 53, 46.1, 50.5, 41.7, 33.2
361, 2010-12-28, 51.6, 55.5, 47.7, 57.2, 61.4, 53, 46.1, 50.5, 41.7, 33.3
362, 2010-12-29, 51.6, 55.5, 47.7, 57.1, 61.4, 52.8, 46, 50.4, 41.6, 33.3
363, 2010-12-30, 51.6, 55.5, 47.7, 57.1, 61.4, 52.8, 46, 50.4, 41.6, 33.3
364, 2010-12-31, 51.5, 55.4, 47.6, 57.1, 61.4, 52.8, 45.9, 50.3, 41.5, 33.3
