day, date, avg, avgh, avgl, hi, hih, hil, lo, loh, lol, precip
0, 2010-01-01, 49.7, 53.8, 45.6, 57.7, 62.3, 53.1, 41.7, 46.6, 36.8, 35.3
1, 2010-01-02, 49.7, 53.8, 45.6, 57.7, 62.3, 53.1, 41.7, 46.6, 36.8, 35.4
2, 2010-01-03, 49.7, 53.8, 45.6, 57.7, 62.3, 53.1, 41.7, 46.6, 36.8, 35.4
3, 2010-01-04, 49.7, 53.8, 45.6, 57.8, 62.4, 53.2, 41.7, 46.6, 36.8, 35.4
4, 2010-01-05, 49.7, 53.8, 45.6, 57.8, 62.4, 53.2, 41.7, 46.6, 36.8, 35.4
5, 2010-01-06, 49.7, 53.8, 45.6, 57.8, 62.4, 53.2, 41.7, 46.6, 36.8, 35.4
6, 2010-01-07, 49.7, 53.8, 45.6, 57.8, 62.4, 53.2, 41.7, 46.6, 36.8, 35.3
7, 2010-01-08, 49.8, 53.9, 45.7, 57.8, 62.4, 53.2, 41.7, 46.6, 36.8, 35.3
8, 2010-01-09, 49.8, 53.9, 45.7, 57.9, 62.5, 53.3, 41.7, 46.6, 36.8, 35.3
9, 2010-01-10, 49.8, 53.9, 45.7, 57.9, 62.5, 53.3, 41.7, 46.6, 36.8, 35.3
10, 2010-01-11, 49.8, 53.9, 45.7, 57.9, 62.5, 53.3, 41.7, 46.6, 36.8, 35.3
11, 2010-01-12, 49.9, 53.9, 45.9, 58, 62.6, 53.4, 41.7, 46.6, 36.8, 35.4
12, 2010-01-13, 49.9, 53.9, 45.9, 58, 62.6, 53.4, 41.8, 46.7, 36.9, 35.5
13, 2010-01-14, 49.9, 54, 45.8, 58.1, 62.7, 53.5, 41.8, 46.7, 36.9, 35.6
14, 2010-01-15, 50, 54.1, 45.9, 58.2, 62.8, 53.6, 41.8, 46.7, 36.9, 35.7
15, 2010-01-16, 50, 54.1, 45.9, 58.2, 62.9, 53.5, 41.8, 46.7, 36.9, 35.9
16, 2010-01-17, 50.1, 54.2, 46, 58.3, 63, 53.6, 41.9, 46.8, 37, 35.9
17, 2010-01-18, 50.1, 54.2, 46, 58.4, 63.1, 53.7, 41.9, 46.8, 37, 36
18, 2010-01-19, 50.2, 54.3, 46.1, 58.4, 63.1, 53.7, 42, 46.9, 37.1, 36.1
19, 2010-01-20, 50.3, 54.4, 46.2, 58.5, 63.2, 53.8, 42, 46.9, 37.1, 36.2
20, 2010-01-21, 50.3, 54.4, 46.2, 58.6, 63.4, 53.8, 42.1, 46.9, 37.3, 36.3
21, 2010-01-22, 50.4, 54.5, 46.3, 58.7, 63.5, 53.9, 42.1, 46.9, 37.3, 36.4
22, 2010-01-23, 50.5, 54.6, 46.4, 58.8, 63.6, 54, 42.2, 47, 37.4, 36.4
23, 2010-01-24, 50.6, 54.7, 46.5, 58.9, 63.7, 54.1, 42.3, 47.1, 37.5, 36.4
24, 2010-01-25, 50.7, 54.8, 46.6, 59, 63.9, 54.1, 42.3, 47.1, 37.5, 36.3
25, 2010-01-26, 50.8, 54.9, 46.7, 59.1, 64, 54.2, 42.4, 47.2, 37.6, 36.3
26, 2010-01-27, 50.9, 55, 46.8, 59.2, 64.1, 54.3, 42.5, 47.3, 37.7, 36.3
27, 2010-01-28, 50.9, 55.1, 46.7, 59.3, 64.2, 54.4, 42.6, 47.4, 37.8, 36.2
28, 2010-01-29, 51.1, 55.3, 46.9, 59.5, 64.5, 54.5, 42.6, 47.4, 37.8, 36.2
29, 2010-01-30, 51.2, 55.4, 47, 59.6, 64.6, 54.6, 42.7, 47.5, 37.9, 36.1
30, 2010-01-31, 51.3, 55.5, 47.1, 59.7, 64.7, 54.7, 42.8, 47.6, 38, 36.1
31, 2010-02-01, 51.4, 55.6, 47.2, 59.8, 64.9, 54.7, 42.9, 47.7, 38.1, 36.1
32, 2010-02-02, 51.5, 55.7, 47.3, 60, 65.1, 54.9, 43, 47.8, 38.2, 36.2
33, 2010-02-03, 51.6, 55.8, 47.4, 60.1, 65.2, 55, 43.1, 47.9, 38.3, 36.4
34, 2010-02-04, 51.7, 55.9, 47.5, 60.2, 65.4, 55, 43.2, 48, 38.4, 36.5
35, 2010-02-05, 51.8, 56.1, 47.5, 60.4, 65.6, 55.2, 43.3, 48, 38.6, 36.6
36, 2010-02-06, 52, 56.3, 47.7, 60.5, 65.7, 55.3, 43.4, 48.1, 38.7, 36.8
37, 2010-02-07, 52.1, 56.4, 47.8, 60.6, 65.9, 55.3, 43.5, 48.2, 38.8, 37
38, 2010-02-08, 52.2, 56.5, 47.9, 60.8, 66.1, 55.5, 43.6, 48.3, 38.9, 37.1
39, 2010-02-09, 52.3, 56.6, 48, 60.9, 66.3, 55.5, 43.7, 48.4, 39, 37.2
40, 2010-02-10, 52.4, 56.7, 48.1, 61.1, 66.5, 55.7, 43.8, 48.5, 39.1, 37.4
41, 2010-02-11, 52.6, 56.9, 48.3, 61.2, 66.6, 55.8, 43.9, 48.6, 39.2, 37.5
42, 2010-02-12, 52.7, 57, 48.4, 61.3, 66.7, 55.9, 44, 48.7, 39.3, 37.6
43, 2010-02-13, 52.8, 57.1, 48.5, 61.5, 67, 56, 44.1, 48.7, 39.5, 37.6
44, 2010-02-14, 52.9, 57.2, 48.6, 61.6, 67.1, 56.1, 44.2, 48.8, 39.6, 37.7
45, 2010-02-15, 53, 57.3, 48.7, 61.7, 67.2, 56.2, 44.3, 48.9, 39.7, 37.8
46, 2010-02-16, 53.1, 57.5, 48.7, 61.9, 67.4, 56.4, 44.4, 49, 39.8, 37.8
47, 2010-02-17, 53.2, 57.6, 48.8, 62, 67.6, 56.4, 44.5, 49.1, 39.9, 37.8
48, 2010-02-18, 53.3, 57.7, 48.9, 62.1, 67.7, 56.5, 44.6, 49.2, 40, 37.8
49, 2010-02-19, 53.4, 57.8, 49, 62.2, 67.8, 56.6, 44.7, 49.3, 40.1, 37.8
50, 2010-02-20, 53.5, 57.9, 49.1, 62.3, 67.9, 56.7, 44.8, 49.4, 40.2, 37.7
51, 2010-02-21, 53.6, 58, 49.2, 62.5, 68.1, 56.9, 44.8, 49.4, 40.2, 37.6
52, 2010-02-22, 53.7, 58.1, 49.3, 62.6, 68.3, 56.9, 44.9, 49.5, 40.3, 37.5
53, 2010-02-23, 53.8, 58.2, 49.4, 62.7, 68.4, 57, 45, 49.6, 40.4, 37.4
54, 2010-02-24, 53.9, 58.3, 49.5, 62.8, 68.5, 57.1, 45.1, 49.7, 40.5, 37.3
55, 2010-02-25, 54, 58.5, 49.5, 62.9, 68.7, 57.1, 45.1, 49.7, 40.5, 37.2
56, 2010-02-26, 54.1, 58.6, 49.6, 63, 68.8, 57.2, 45.2, 49.7, 40.7, 37.1
57, 2010-02-27, 54.2, 58.7, 49.7, 63, 68.8, 57.2, 45.3, 49.8, 40.8, 36.9
58, 2010-02-28, 54.2, 58.7, 49.7, 63.1, 69, 57.2, 45.3, 49.8, 40.8, 36.8
59, 2010-03-01, 54.3, 58.8, 49.8, 63.2, 69.1, 57.3, 45.4, 49.9, 40.9, 36.4
60, 2010-03-02, 54.4, 58.9, 49.9, 63.3, 69.3, 57.3, 45.4, 49.9, 40.9, 36.1
61, 2010-03-03, 54.4, 58.9, 49.9, 63.4, 69.4, 57.4, 45.5, 50, 41, 35.8
62, 2010-03-04, 54.5, 59, 50, 63.4, 69.4, 57.4, 45.5, 50, 41, 35.5
63, 2010-03-05, 54.5, 59, 50, 63.5, 69.5, 57.5, 45.6, 50.1, 41.1, 35.1
64, 2010-03-06, 54.6, 59.1, 50.1, 63.6, 69.7, 57.5, 45.6, 50, 41.2, 34.7
65, 2010-03-07, 54.6, 59.1, 50.1, 63.6, 69.7, 57.5, 45.6, 50, 41.2, 34.3
66, 2010-03-08, 54.7, 59.3, 50.1, 63.7, 69.8, 57.6, 45.7, 50.1, 41.3, 33.9
67, 2010-03-09, 54.7, 59.3, 50.1, 63.8, 69.9, 57.7, 45.7, 50.1, 41.3, 33.5
68, 2010-03-10, 54.8, 59.4, 50.2, 63.8, 70, 57.6, 45.7, 50.1, 41.3, 33.1
69, 2010-03-11, 54.8, 59.4, 50.2, 63.9, 70.1, 57.7, 45.7, 50.1, 41.3, 32.7
70, 2010-03-12, 54.8, 59.4, 50.2, 63.9, 70.1, 57.7, 45.7, 50.1, 41.3, 32.3
71, 2010-03-13, 54.9, 59.5, 50.3, 64, 70.2, 57.8, 45.7, 50.1, 41.3, 31.9
72, 2010-03-14, 54.9, 59.5, 50.3, 64.1, 70.4, 57.8, 45.8, 50.2, 41.4, 31.5
73, 2010-03-15, 54.9, 59.5, 50.3, 64.1, 70.4, 57.8, 45.8, 50.2, 41.4, 31.1
74, 2010-03-16, 55, 59.7, 50.3, 64.2, 70.6, 57.8, 45.8, 50.2, 41.4, 30.7
75, 2010-03-17, 55, 59.7, 50.3, 64.2, 70.6, 57.8, 45.8, 50.2, 41.4, 30.3
76, 2010-03-18, 55, 59.7, 50.3, 64.3, 70.8, 57.8, 45.8, 50.2, 41.4, 29.9
77, 2010-03-19, 55.1, 59.8, 50.4, 64.4, 70.9, 57.9, 45.8, 50.2, 41.4, 29.5
78, 2010-03-20, 55.1, 59.8, 50.4, 64.4, 70.9, 57.9, 45.8, 50.2, 41.4, 29.2
79, 2010-03-21, 55.1, 59.9, 50.3, 64.5, 71.1, 57.9, 45.8, 50.2, 41.4, 28.9
80, 2010-03-22, 55.2, 60, 50.4, 64.5, 71.1, 57.9, 45.8, 50.2, 41.4, 28.6
81, 2010-03-23, 55.2, 60, 50.4, 64.6, 71.2, 58, 45.8, 50.2, 41.4, 28.3
82, 2010-03-24, 55.2, 60, 50.4, 64.7, 71.4, 58, 45.8, 50.2, 41.4, 28
83, 2010-03-25, 55.3, 60.1, 50.5, 64.8, 71.5, 58.1, 45.8, 50.2, 41.4, 27.6
84, 2010-03-26, 55.3, 60.1, 50.5, 64.8, 71.5, 58.1, 45.8, 50.2, 41.4, 27.3
85, 2010-03-27, 55.3, 60.1, 50.5, 64.9, 71.6, 58.2, 45.8, 50.1, 41.5, 27
86, 2010-03-28, 55.4, 60.2, 50.6, 65, 71.7, 58.3, 45.8, 50.1, 41.5, 26.7
87, 2010-03-29, 55.4, 60.2, 50.6, 65.1, 71.8, 58.4, 45.8, 50.1, 41.5, 26.4
88, 2010-03-30, 55.5, 60.3, 50.7, 65.2, 71.9, 58.5, 45.8, 50.1, 41.5, 26.1
89, 2010-03-31, 55.5, 60.3, 50.7, 65.2, 71.9, 58.5, 45.8, 50.1, 41.5, 25.8
90, 2010-04-01, 55.6, 60.4, 50.8, 65.3, 72, 58.6, 45.8, 50.1, 41.5, 25.6
91, 2010-04-02, 55.6, 60.4, 50.8, 65.4, 72.2, 58.6, 45.8, 50.1, 41.5, 25.3
92, 2010-04-03, 55.7, 60.5, 50.9, 65.5, 72.3, 58.7, 45.8, 50.1, 41.5, 25
93, 2010-04-04, 55.7, 60.5, 50.9, 65.6, 72.4, 58.8, 45.9, 50.2, 41.6, 24.8
94, 2010-04-05, 55.8, 60.7, 50.9, 65.7, 72.5, 58.9, 45.9, 50.2, 41.6, 24.6
95, 2010-04-06, 55.9, 60.8, 51, 65.8, 72.6, 59, 45.9, 50.2, 41.6, 24.4
96, 2010-04-07, 55.9, 60.8, 51, 65.9, 72.8, 59, 45.9, 50.2, 41.6, 24.2
97, 2010-04-08, 56, 60.9, 51.1, 66, 72.9, 59.1, 46, 50.3, 41.7, 23.9
98, 2010-04-09, 56.1, 61, 51.2, 66.1, 73, 59.2, 46, 50.3, 41.7, 23.7
99, 2010-04-10, 56.2, 61.1, 51.3, 66.2, 73.1, 59.3, 46.1, 50.4, 41.8, 23.5
100, 2010-04-11, 56.2, 61.1, 51.3, 66.3, 73.3, 59.3, 46.1, 50.4, 41.8, 23.2
101, 2010-04-12, 56.3, 61.2, 51.4, 66.4, 73.4, 59.4, 46.2, 50.5, 41.9, 23
102, 2010-04-13, 56.4, 61.4, 51.4, 66.6, 73.6, 59.6, 46.2, 50.5, 41.9, 22.8
103, 2010-04-14, 56.5, 61.5, 51.5, 66.7, 73.8, 59.6, 46.3, 50.6, 42, 22.5
104, 2010-04-15, 56.5, 61.5, 51.5, 66.8, 73.9, 59.7, 46.3, 50.6, 42, 22.2
105, 2010-04-16, 56.6, 61.6, 51.6, 66.9, 74, 59.8, 46.4, 50.7, 42.1, 22
106, 2010-04-17, 56.7, 61.6, 51.8, 67, 74.1, 59.9, 46.5, 50.8, 42.2, 21.7
107, 2010-04-18, 56.8, 61.7, 51.9, 67.1, 74.2, 60, 46.5, 50.8, 42.2, 21.4
108, 2010-04-19, 56.9, 61.8, 52, 67.2, 74.3, 60.1, 46.6, 50.9, 42.3, 21
109, 2010-04-20, 57, 61.9, 52.1, 67.3, 74.5, 60.1, 46.7, 51, 42.4, 20.7
110, 2010-04-21, 57.1, 62, 52.2, 67.4, 74.6, 60.2, 46.8, 51.1, 42.5, 20.4
111, 2010-04-22, 57.2, 62.1, 52.3, 67.5, 74.6, 60.4, 46.9, 51.1, 42.7, 20.1
112, 2010-04-23, 57.3, 62.2, 52.4, 67.6, 74.7, 60.5, 47, 51.2, 42.8, 19.8
113, 2010-04-24, 57.4, 62.3, 52.5, 67.7, 74.8, 60.6, 47, 51.2, 42.8, 19.4
114, 2010-04-25, 57.5, 62.3, 52.7, 67.8, 74.9, 60.7, 47.1, 51.3, 42.9, 19.1
115, 2010-04-26, 57.6, 62.4, 52.8, 67.9, 75, 60.8, 47.2, 51.4, 43, 18.7
116, 2010-04-27, 57.6, 62.4, 52.8, 67.9, 75.1, 60.7, 47.3, 51.4, 43.2, 18.4
117, 2010-04-28, 57.7, 62.5, 52.9, 68, 75.2, 60.8, 47.4, 51.5, 43.3, 18
118, 2010-04-29, 57.8, 62.6, 53, 68.1, 75.3, 60.9, 47.6, 51.7, 43.5, 17.7
119, 2010-04-30, 57.9, 62.7, 53.1, 68.2, 75.4, 61, 47.7, 51.8, 43.6, 17.4
120, 2010-05-01, 58, 62.7, 53.3, 68.3, 75.5, 61.1, 47.8, 51.8, 43.8, 17
121, 2010-05-02, 58.1, 62.8, 53.4, 68.4, 75.6, 61.2, 47.9, 51.9, 43.9, 16.7
122, 2010-05-03, 58.2, 62.9, 53.5, 68.5, 75.7, 61.3, 48, 52, 44, 16.3
123, 2010-05-04, 58.3, 63, 53.6, 68.6, 75.8, 61.4, 48.1, 52.1, 44.1, 15.9
124, 2010-05-05, 58.4, 63.1, 53.7, 68.6, 75.8, 61.4, 48.2, 52.1, 44.3, 15.4
125, 2010-05-06, 58.5, 63.1, 53.9, 68.7, 75.9, 61.5, 48.3, 52.2, 44.4, 15
126, 2010-05-07, 58.6, 63.2, 54, 68.8, 76, 61.6, 48.4, 52.3, 44.5, 14.5
127, 2010-05-08, 58.7, 63.3, 54.1, 68.9, 76.1, 61.7, 48.6, 52.4, 44.8, 14.1
128, 2010-05-09, 58.8, 63.4, 54.2, 69, 76.2, 61.8, 48.7, 52.5, 44.9, 13.6
129, 2010-05-10, 58.9, 63.4, 54.4, 69.1, 76.3, 61.9, 48.8, 52.6, 45, 13.2
130, 2010-05-11, 59, 63.5, 54.5, 69.1, 76.2, 62, 48.9, 52.6, 45.2, 12.8
131, 2010-05-12, 59.1, 63.6, 54.6, 69.2, 76.3, 62.1, 49, 52.7, 45.3, 12.4
132, 2010-05-13, 59.2, 63.7, 54.7, 69.3, 76.4, 62.2, 49.1, 52.8, 45.4, 12.1
133, 2010-05-14, 59.3, 63.7, 54.9, 69.4, 76.5, 62.3, 49.2, 52.8, 45.6, 11.7
134, 2010-05-15, 59.4, 63.8, 55, 69.5, 76.6, 62.4, 49.3, 52.9, 45.7, 11.4
135, 2010-05-16, 59.5, 63.9, 55.1, 69.6, 76.7, 62.5, 49.5, 53.1, 45.9, 11
136, 2010-05-17, 59.6, 64, 55.2, 69.7, 76.8, 62.6, 49.6, 53.1, 46.1, 10.7
137, 2010-05-18, 59.7, 64.1, 55.3, 69.8, 76.9, 62.7, 49.7, 53.2, 46.2, 10.3
138, 2010-05-19, 59.8, 64.1, 55.5, 69.9, 77, 62.8, 49.8, 53.3, 46.3, 10
139, 2010-05-20, 59.9, 64.2, 55.6, 70, 77.1, 62.9, 49.9, 53.3, 46.5, 9.7
140, 2010-05-21, 60.1, 64.4, 55.8, 70.1, 77.2, 63, 50, 53.4, 46.6, 9.4
141, 2010-05-22, 60.2, 64.5, 55.9, 70.2, 77.3, 63.1, 50.1, 53.5, 46.7, 9.1
142, 2010-05-23, 60.3, 64.6, 56, 70.4, 77.5, 63.3, 50.2, 53.6, 46.8, 8.8
143, 2010-05-24, 60.4, 64.7, 56.1, 70.5, 77.6, 63.4, 50.3, 53.7, 46.9, 8.5
144, 2010-05-25, 60.5, 64.8, 56.2, 70.6, 77.8, 63.4, 50.3, 53.6, 47, 8.2
145, 2010-05-26, 60.6, 64.9, 56.3, 70.7, 77.9, 63.5, 50.4, 53.7, 47.1, 8
146, 2010-05-27, 60.7, 65, 56.4, 70.9, 78.1, 63.7, 50.5, 53.8, 47.2, 7.7
147, 2010-05-28, 60.8, 65.1, 56.5, 71, 78.2, 63.8, 50.6, 53.9, 47.3, 7.4
148, 2010-05-29, 60.9, 65.2, 56.6, 71.1, 78.3, 63.9, 50.7, 54, 47.4, 7.1
149, 2010-05-30, 61, 65.4, 56.6, 71.3, 78.5, 64.1, 50.8, 54.1, 47.5, 6.8
150, 2010-05-31, 61.1, 65.5, 56.7, 71.4, 78.7, 64.1, 50.8, 54.1, 47.5, 6.6
151, 2010-06-01, 61.2, 65.6, 56.8, 71.5, 78.8, 64.2, 50.9, 54.2, 47.6, 6.3
152, 2010-06-02, 61.3, 65.7, 56.9, 71.7, 79, 64.4, 51, 54.3, 47.7, 6.1
153, 2010-06-03, 61.4, 65.8, 57, 71.8, 79.2, 64.4, 51.1, 54.4, 47.8, 5.9
154, 2010-06-04, 61.5, 65.9, 57.1, 71.9, 79.3, 64.5, 51.1, 54.4, 47.8, 5.7
155, 2010-06-05, 61.6, 66.1, 57.1, 72.1, 79.5, 64.7, 51.2, 54.5, 47.9, 5.6
156, 2010-06-06, 61.7, 66.2, 57.2, 72.2, 79.7, 64.7, 51.3, 54.6, 48, 5.4
157, 2010-06-07, 61.8, 66.3, 57.3, 72.4, 79.9, 64.9, 51.3, 54.6, 48, 5.2
158, 2010-06-08, 61.9, 66.4, 57.4, 72.5, 80, 65, 51.4, 54.7, 48.1, 5
159, 2010-06-09, 62, 66.5, 57.5, 72.6, 80.1, 65.1, 51.4, 54.7, 48.1, 4.8
160, 2010-06-10, 62.1, 66.6, 57.6, 72.7, 80.2, 65.2, 51.5, 54.8, 48.2, 4.6
161, 2010-06-11, 62.2, 66.7, 57.7, 72.9, 80.5, 65.3, 51.5, 54.8, 48.2, 4.4
162, 2010-06-12, 62.3, 66.8, 57.8, 73, 80.6, 65.4, 51.6, 54.9, 48.3, 4.2
163, 2010-06-13, 62.4, 66.9, 57.9, 73.1, 80.7, 65.5, 51.6, 54.9, 48.3, 4
164, 2010-06-14, 62.5, 67, 58, 73.2, 80.8, 65.6, 51.7, 55, 48.4, 3.9
165, 2010-06-15, 62.5, 67, 58, 73.3, 80.9, 65.7, 51.7, 55, 48.4, 3.7
166, 2010-06-16, 62.6, 67.1, 58.1, 73.4, 81, 65.8, 51.8, 55, 48.6, 3.5
167, 2010-06-17, 62.7, 67.2, 58.2, 73.5, 81, 66, 51.8, 55, 48.6, 3.3
168, 2010-06-18, 62.7, 67.2, 58.2, 73.6, 81.1, 66.1, 51.9, 55.1, 48.7, 3.2
169, 2010-06-19, 62.8, 67.3, 58.3, 73.7, 81.2, 66.2, 51.9, 55.1, 48.7, 3
170, 2010-06-20, 62.9, 67.3, 58.5, 73.8, 81.3, 66.3, 51.9, 55, 48.8, 2.8
171, 2010-06-21, 62.9, 67.3, 58.5, 73.9, 81.3, 66.5, 52, 55.1, 48.9, 2.7
172, 2010-06-22, 63, 67.4, 58.6, 73.9, 81.3, 66.5, 52, 55.1, 48.9, 2.5
173, 2010-06-23, 63, 67.3, 58.7, 74, 81.3, 66.7, 52.1, 55.2, 49, 2.4
174, 2010-06-24, 63.1, 67.4, 58.8, 74.1, 81.4, 66.8, 52.1, 55.1, 49.1, 2.3
175, 2010-06-25, 63.1, 67.4, 58.8, 74.1, 81.3, 66.9, 52.1, 55.1, 49.1, 2.2
176, 2010-06-26, 63.2, 67.5, 58.9, 74.1, 81.3, 66.9, 52.2, 55.2, 49.2, 2.1
177, 2010-06-27, 63.2, 67.4, 59, 74.2, 81.4, 67, 52.2, 55.1, 49.3, 2
178, 2010-06-28, 63.2, 67.4, 59, 74.2, 81.3, 67.1, 52.2, 55.1, 49.3, 1.9
179, 2010-06-29, 63.3, 67.5, 59.1, 74.2, 81.3, 67.1, 52.3, 55.2, 49.4, 1.8
180, 2010-06-30, 63.3, 67.4, 59.2, 74.2, 81.2, 67.2, 52.3, 55.2, 49.4, 1.7
181, 2010-07-01, 63.3, 67.4, 59.2, 74.2, 81.2, 67.2, 52.4, 55.2, 49.6, 1.6
182, 2010-07-02, 63.3, 67.4, 59.2, 74.2, 81.1, 67.3, 52.4, 55.2, 49.6, 1.5
183, 2010-07-03, 63.3, 67.3, 59.3, 74.2, 81.1, 67.3, 52.4, 55.2, 49.6, 1.5
184, 2010-07-04, 63.4, 67.4, 59.4, 74.2, 81, 67.4, 52.5, 55.3, 49.7, 1.4
185, 2010-07-05, 63.4, 67.4, 59.4, 74.2, 81, 67.4, 52.5, 55.2, 49.8, 1.3
186, 2010-07-06, 63.4, 67.3, 59.5, 74.2, 80.9, 67.5, 52.6, 55.3, 49.9, 1.3
187, 2010-07-07, 63.4, 67.3, 59.5, 74.2, 80.9, 67.5, 52.6, 55.3, 49.9, 1.2
188, 2010-07-08, 63.4, 67.3, 59.5, 74.1, 80.7, 67.5, 52.6, 55.3, 49.9, 1.2
189, 2010-07-09, 63.4, 67.2, 59.6, 74.1, 80.7, 67.5, 52.7, 55.3, 50.1, 1.2
190, 2010-07-10, 63.4, 67.2, 59.6, 74.1, 80.6, 67.6, 52.7, 55.3, 50.1, 1.2
191, 2010-07-11, 63.4, 67.2, 59.6, 74, 80.4, 67.6, 52.8, 55.4, 50.2, 1.2
192, 2010-07-12, 63.4, 67.1, 59.7, 74, 80.4, 67.6, 52.8, 55.4, 50.2, 1.2
193, 2010-07-13, 63.4, 67.1, 59.7, 74, 80.3, 67.7, 52.9, 55.4, 50.4, 1.2
194, 2010-07-14, 63.4, 67.1, 59.7, 73.9, 80.2, 67.6, 52.9, 55.4, 50.4, 1.2
195, 2010-07-15, 63.4, 67, 59.8, 73.9, 80.2, 67.6, 53, 55.5, 50.5, 1.2
196, 2010-07-16, 63.4, 67, 59.8, 73.9, 80.1, 67.7, 53, 55.5, 50.5, 1.2
197, 2010-07-17, 63.4, 67, 59.8, 73.8, 80, 67.6, 53, 55.5, 50.5, 1.2
198, 2010-07-18, 63.4, 67, 59.8, 73.8, 79.9, 67.7, 53.1, 55.6, 50.6, 1.3
199, 2010-07-19, 63.5, 67.1, 59.9, 73.8, 79.9, 67.7, 53.1, 55.6, 50.6, 1.3
200, 2010-07-20, 63.5, 67, 60, 73.7, 79.8, 67.6, 53.2, 55.7, 50.7, 1.3
201, 2010-07-21, 63.5, 67, 60, 73.7, 79.8, 67.6, 53.2, 55.7, 50.7, 1.3
202, 2010-07-22, 63.5, 67, 60, 73.7, 79.8, 67.6, 53.3, 55.8, 50.8, 1.4
203, 2010-07-23, 63.5, 67, 60, 73.7, 79.7, 67.7, 53.3, 55.8, 50.8, 1.4
204, 2010-07-24, 63.5, 67, 60, 73.6, 79.6, 67.6, 53.4, 55.9, 50.9, 1.4
205, 2010-07-25, 63.5, 67, 60, 73.6, 79.6, 67.6, 53.4, 55.9, 50.9, 1.4
206, 2010-07-26, 63.5, 67, 60, 73.6, 79.6, 67.6, 53.4, 55.8, 51, 1.5
207, 2010-07-27, 63.6, 67.1, 60.1, 73.6, 79.6, 67.6, 53.5, 55.9, 51.1, 1.5
208, 2010-07-28, 63.6, 67, 60.2, 73.6, 79.6, 67.6, 53.5, 55.9, 51.1, 1.5
209, 2010-07-29, 63.6, 67, 60.2, 73.6, 79.5, 67.7, 53.6, 56, 51.2, 1.5
210, 2010-07-30, 63.6, 67, 60.2, 73.6, 79.5, 67.7, 53.6, 56, 51.2, 1.6
211, 2010-07-31, 63.6, 67, 60.2, 73.6, 79.5, 67.7, 53.6, 56, 51.2, 1.6
212, 2010-08-01, 63.7, 67, 60.4, 73.7, 79.5, 67.9, 53.7, 56.1, 51.3, 1.6
213, 2010-08-02, 63.7, 67, 60.4, 73.7, 79.5, 67.9, 53.7, 56.1, 51.3, 1.6
214, 2010-08-03, 63.7, 67, 60.4, 73.7, 79.5, 67.9, 53.7, 56.1, 51.3, 1.7
215, 2010-08-04, 63.8, 67.1, 60.5, 73.7, 79.5, 67.9, 53.8, 56.2, 51.4, 1.7
216, 2010-08-05, 63.8, 67, 60.6, 73.8, 79.5, 68.1, 53.8, 56.2, 51.4, 1.7
217, 2010-08-06, 63.8, 67, 60.6, 73.8, 79.5, 68.1, 53.8, 56.2, 51.4, 1.7
218, 2010-08-07, 63.9, 67.1, 60.7, 73.9, 79.6, 68.2, 53.9, 56.3, 51.5, 1.7
219, 2010-08-08, 63.9, 67.1, 60.7, 73.9, 79.6, 68.2, 53.9, 56.3, 51.5, 1.6
220, 2010-08-09, 63.9, 67.1, 60.7, 73.9, 79.6, 68.2, 53.9, 56.3, 51.5, 1.6
221, 2010-08-10, 64, 67.2, 60.8, 74, 79.8, 68.2, 53.9, 56.3, 51.5, 1.6
222, 2010-08-11, 64, 67.3, 60.7, 74, 79.8, 68.2, 53.9, 56.3, 51.5, 1.6
223, 2010-08-12, 64, 67.3, 60.7, 74.1, 79.9, 68.3, 54, 56.4, 51.6, 1.6
224, 2010-08-13, 64.1, 67.4, 60.8, 74.1, 79.9, 68.3, 54, 56.4, 51.6, 1.6
225, 2010-08-14, 64.1, 67.4, 60.8, 74.2, 80.1, 68.3, 54, 56.4, 51.6, 1.5
226, 2010-08-15, 64.1, 67.5, 60.7, 74.3, 80.2, 68.4, 54, 56.4, 51.6, 1.5
227, 2010-08-16, 64.1, 67.5, 60.7, 74.3, 80.3, 68.3, 54, 56.5, 51.5, 1.5
228, 2010-08-17, 64.2, 67.6, 60.8, 74.4, 80.5, 68.3, 54, 56.5, 51.5, 1.5
229, 2010-08-18, 64.2, 67.7, 60.7, 74.4, 80.5, 68.3, 54, 56.5, 51.5, 1.5
230, 2010-08-19, 64.2, 67.7, 60.7, 74.5, 80.7, 68.3, 54, 56.5, 51.5, 1.6
231, 2010-08-20, 64.2, 67.7, 60.7, 74.5, 80.7, 68.3, 54, 56.6, 51.4, 1.6
232, 2010-08-21, 64.3, 67.9, 60.7, 74.6, 80.9, 68.3, 54, 56.6, 51.4, 1.6
233, 2010-08-22, 64.3, 67.9, 60.7, 74.6, 80.9, 68.3, 54, 56.6, 51.4, 1.6
234, 2010-08-23, 64.3, 67.9, 60.7, 74.7, 81.1, 68.3, 54, 56.6, 51.4, 1.6
235, 2010-08-24, 64.3, 68, 60.6, 74.7, 81.2, 68.2, 53.9, 56.6, 51.2, 1.7
236, 2010-08-25, 64.3, 68, 60.6, 74.7, 81.2, 68.2, 53.9, 56.6, 51.2, 1.8
237, 2010-08-26, 64.4, 68.2, 60.6, 74.8, 81.4, 68.2, 53.9, 56.6, 51.2, 1.8
238, 2010-08-27, 64.4, 68.2, 60.6, 74.8, 81.4, 68.2, 53.9, 56.6, 51.2, 1.9
239, 2010-08-28, 64.4, 68.3, 60.5, 74.8, 81.5, 68.1, 53.9, 56.7, 51.1, 2
240, 2010-08-29, 64.4, 68.3, 60.5, 74.9, 81.7, 68.1, 53.9, 56.7, 51.1, 2.1
241, 2010-08-30, 64.4, 68.4, 60.4, 74.9, 81.7, 68.1, 53.8, 56.6, 51, 2.2
242, 2010-08-31, 64.4, 68.4, 60.4, 74.9, 81.8, 68, 53.8, 56.7, 50.9, 2.3
243, 2010-09-01, 64.4, 68.5, 60.3, 74.9, 81.8, 68, 53.8, 56.7, 50.9, 2.5
244, 2010-09-02, 64.4, 68.5, 60.3, 75, 82, 68, 53.8, 56.7, 50.9, 2.6
245, 2010-09-03, 64.4, 68.6, 60.2, 75, 82.1, 67.9, 53.8, 56.8, 50.8, 2.8
246, 2010-09-04, 64.4, 68.6, 60.2, 75, 82.1, 67.9, 53.7, 56.7, 50.7, 2.9
247, 2010-09-05, 64.3, 68.5, 60.1, 75, 82.2, 67.8, 53.7, 56.7, 50.7, 3.1
248, 2010-09-06, 64.3, 68.6, 60, 75, 82.2, 67.8, 53.7, 56.8, 50.6, 3.3
249, 2010-09-07, 64.3, 68.6, 60, 75, 82.2, 67.8, 53.7, 56.8, 50.6, 3.5
250, 2010-09-08, 64.3, 68.6, 60, 75, 82.3, 67.7, 53.6, 56.7, 50.5, 3.7
251, 2010-09-09, 64.3, 68.6, 60, 75, 82.3, 67.7, 53.6, 56.7, 50.5, 3.9
252, 2010-09-10, 64.3, 68.7, 59.9, 75, 82.4, 67.6, 53.6, 56.8, 50.4, 4.1
253, 2010-09-11, 64.3, 68.7, 59.9, 75, 82.4, 67.6, 53.5, 56.7, 50.3, 4.3
254, 2010-09-12, 64.2, 68.6, 59.8, 74.9, 82.4, 67.4, 53.5, 56.7, 50.3, 4.5
255, 2010-09-13, 64.2, 68.6, 59.8, 74.9, 82.4, 67.4, 53.5, 56.7, 50.3, 4.7
256, 2010-09-14, 64.2, 68.7, 59.7, 74.9, 82.4, 67.4, 53.5, 56.7, 50.3, 4.9
257, 2010-09-15, 64.2, 68.7, 59.7, 74.9, 82.4, 67.4, 53.4, 56.7, 50.1, 5.1
258, 2010-09-16, 64.1, 68.6, 59.6, 74.9, 82.4, 67.4, 53.4, 56.7, 50.1, 5.3
259, 2010-09-17, 64.1, 68.6, 59.6, 74.8, 82.3, 67.3, 53.4, 56.7, 50.1, 5.5
260, 2010-09-18, 64.1, 68.6, 59.6, 74.8, 82.3, 67.3, 53.3, 56.6, 50, 5.7
261, 2010-09-19, 64.1, 68.6, 59.6, 74.8, 82.3, 67.3, 53.3, 56.6, 50, 5.9
262, 2010-09-20, 64, 68.5, 59.5, 74.8, 82.3, 67.3, 53.3, 56.7, 49.9, 6
263, 2010-09-21, 64, 68.5, 59.5, 74.7, 82.2, 67.2, 53.3, 56.7, 49.9, 6.2
264, 2010-09-22, 64, 68.5, 59.5, 74.7, 82.2, 67.2, 53.2, 56.6, 49.8, 6.4
265, 2010-09-23, 63.9, 68.4, 59.4, 74.7, 82.2, 67.2, 53.2, 56.6, 49.8, 6.6
266, 2010-09-24, 63.9, 68.4, 59.4, 74.6, 82, 67.2, 53.2, 56.6, 49.8, 6.7
267, 2010-09-25, 63.9, 68.4, 59.4, 74.6, 82, 67.2, 53.1, 56.6, 49.6, 6.9
268, 2010-09-26, 63.8, 68.4, 59.2, 74.5, 81.9, 67.1, 53.1, 56.6, 49.6, 7
269, 2010-09-27, 63.8, 68.4, 59.2, 74.5, 81.9, 67.1, 53, 56.5, 49.5, 7.2
270, 2010-09-28, 63.7, 68.2, 59.2, 74.5, 81.9, 67.1, 53, 56.5, 49.5, 7.3
271, 2010-09-29, 63.7, 68.2, 59.2, 74.4, 81.8, 67, 53, 56.5, 49.5, 7.5
272, 2010-09-30, 63.6, 68.1, 59.1, 74.4, 81.7, 67.1, 52.9, 56.4, 49.4, 7.7
273, 2010-10-01, 63.6, 68.1, 59.1, 74.3, 81.6, 67, 52.9, 56.4, 49.4, 7.9
274, 2010-10-02, 63.5, 68, 59, 74.2, 81.5, 66.9, 52.8, 56.3, 49.3, 8.1
275, 2010-10-03, 63.5, 68, 59, 74.2, 81.5, 66.9, 52.8, 56.3, 49.3, 8.3
276, 2010-10-04, 63.4, 67.9, 58.9, 74.1, 81.4, 66.8, 52.7, 56.2, 49.2, 8.5
277, 2010-10-05, 63.3, 67.9, 58.7, 74, 81.3, 66.7, 52.6, 56.1, 49.1, 8.7
278, 2010-10-06, 63.3, 67.9, 58.7, 74, 81.3, 66.7, 52.6, 56.2, 49, 8.9
279, 2010-10-07, 63.2, 67.8, 58.6, 73.9, 81.2, 66.6, 52.5, 56.1, 48.9, 9.2
280, 2010-10-08, 63.1, 67.7, 58.5, 73.8, 81.1, 66.5, 52.4, 56, 48.8, 9.4
281, 2010-10-09, 63, 67.6, 58.4, 73.7, 81, 66.4, 52.4, 56, 48.8, 9.6
282, 2010-10-10, 62.9, 67.5, 58.3, 73.6, 80.8, 66.4, 52.3, 55.9, 48.7, 9.9
283, 2010-10-11, 62.8, 67.4, 58.2, 73.5, 80.7, 66.3, 52.2, 55.8, 48.6, 10.2
284, 2010-10-12, 62.7, 67.3, 58.1, 73.4, 80.6, 66.2, 52.1, 55.7, 48.5, 10.5
285, 2010-10-13, 62.6, 67.2, 58, 73.2, 80.4, 66, 52, 55.6, 48.4, 10.8
286, 2010-10-14, 62.5, 67.1, 57.9, 73.1, 80.2, 66, 51.9, 55.5, 48.3, 11.2
287, 2010-10-15, 62.4, 67, 57.8, 73, 80.1, 65.9, 51.8, 55.5, 48.1, 11.5
288, 2010-10-16, 62.3, 66.9, 57.7, 72.8, 79.9, 65.7, 51.7, 55.4, 48, 11.8
289, 2010-10-17, 62.1, 66.7, 57.5, 72.7, 79.8, 65.6, 51.6, 55.3, 47.9, 12.2
290, 2010-10-18, 62, 66.6, 57.4, 72.5, 79.5, 65.5, 51.5, 55.2, 47.8, 12.6
291, 2010-10-19, 61.8, 66.4, 57.2, 72.3, 79.3, 65.3, 51.3, 55, 47.6, 13.1
292, 2010-10-20, 61.7, 66.2, 57.2, 72.2, 79.2, 65.2, 51.2, 54.9, 47.5, 13.5
293, 2010-10-21, 61.5, 66, 57, 72, 78.9, 65.1, 51.1, 54.8, 47.4, 14
294, 2010-10-22, 61.3, 65.8, 56.8, 71.8, 78.7, 64.9, 50.9, 54.6, 47.2, 14.5
295, 2010-10-23, 61.2, 65.7, 56.7, 71.6, 78.4, 64.8, 50.8, 54.5, 47.1, 15
296, 2010-10-24, 61, 65.5, 56.5, 71.3, 78.1, 64.5, 50.6, 54.3, 46.9, 15.5
297, 2010-10-25, 60.8, 65.3, 56.3, 71.1, 77.9, 64.3, 50.5, 54.3, 46.7, 16
298, 2010-10-26, 60.6, 65.1, 56.1, 70.9, 77.6, 64.2, 50.3, 54.1, 46.5, 16.5
299, 2010-10-27, 60.4, 64.9, 55.9, 70.6, 77.3, 63.9, 50.2, 54, 46.4, 17
300, 2010-10-28, 60.2, 64.7, 55.7, 70.4, 77.1, 63.7, 50, 53.8, 46.2, 17.6
301, 2010-10-29, 60, 64.5, 55.5, 70.1, 76.7, 63.5, 49.8, 53.7, 45.9, 18.1
302, 2010-10-30, 59.7, 64.2, 55.2, 69.8, 76.4, 63.2, 49.7, 53.6, 45.8, 18.6
303, 2010-10-31, 59.5, 64, 55, 69.6, 76.2, 63, 49.5, 53.4, 45.6, 19.1
304, 2010-11-01, 59.3, 63.8, 54.8, 69.3, 75.8, 62.8, 49.3, 53.3, 45.3, 19.5
305, 2010-11-02, 59, 63.5, 54.5, 69, 75.5, 62.5, 49.1, 53.1, 45.1, 20
306, 2010-11-03, 58.8, 63.3, 54.3, 68.7, 75.2, 62.2, 48.9, 53, 44.8, 20.5
307, 2010-11-04, 58.6, 63.1, 54.1, 68.4, 74.8, 62, 48.7, 52.8, 44.6, 21
308, 2010-11-05, 58.3, 62.8, 53.8, 68.1, 74.5, 61.7, 48.6, 52.7, 44.5, 21.4
309, 2010-11-06, 58.1, 62.6, 53.6, 67.8, 74.1, 61.5, 48.4, 52.6, 44.2, 22
310, 2010-11-07, 57.8, 62.3, 53.3, 67.4, 73.7, 61.1, 48.2, 52.4, 44, 22.5
311, 2010-11-08, 57.5, 62, 53, 67.1, 73.3, 60.9, 48, 52.2, 43.8, 23
312, 2010-11-09, 57.3, 61.8, 52.8, 66.8, 73, 60.6, 47.8, 52.1, 43.5, 23.5
313, 2010-11-10, 57, 61.5, 52.5, 66.5, 72.6, 60.4, 47.6, 51.9, 43.3, 23.9
314, 2010-11-11, 56.8, 61.3, 52.3, 66.1, 72.2, 60, 47.4, 51.7, 43.1, 24.4
315, 2010-11-12, 56.5, 61, 52, 65.8, 71.8, 59.8, 47.2, 51.5, 42.9, 24.8
316, 2010-11-13, 56.3, 60.7, 51.9, 65.5, 71.4, 59.6, 47, 51.3, 42.7, 25.3
317, 2010-11-14, 56, 60.4, 51.6, 65.2, 71, 59.4, 46.8, 51.1, 42.5, 25.7
318, 2010-11-15, 55.7, 60.1, 51.3, 64.9, 70.7, 59.1, 46.6, 51, 42.2, 26.2
319, 2010-11-16, 55.5, 59.9, 51.1, 64.5, 70.2, 58.8, 46.4, 50.8, 42, 26.6
320, 2010-11-17, 55.2, 59.5, 50.9, 64.2, 69.8, 58.6, 46.3, 50.7, 41.9, 27
321, 2010-11-18, 55, 59.3, 50.7, 63.9, 69.5, 58.3, 46.1, 50.5, 41.7, 27.4
322, 2010-11-19, 54.7, 59, 50.4, 63.6, 69.1, 58.1, 45.9, 50.3, 41.5, 27.8
323, 2010-11-20, 54.5, 58.8, 50.2, 63.3, 68.8, 57.8, 45.7, 50.1, 41.3, 28.2
324, 2010-11-21, 54.3, 58.6, 50, 63, 68.4, 57.6, 45.5, 49.9, 41.1, 28.5
325, 2010-11-22, 54, 58.2, 49.8, 62.7, 68.1, 57.3, 45.4, 49.8, 41, 28.9
326, 2010-11-23, 53.8, 58, 49.6, 62.4, 67.7, 57.1, 45.2, 49.7, 40.7, 29.2
327, 2010-11-24, 53.6, 57.8, 49.4, 62.2, 67.4, 57, 45, 49.5, 40.5, 29.6
328, 2010-11-25, 53.4, 57.6, 49.2, 61.9, 67.1, 56.7, 44.9, 49.4, 40.4, 29.9
329, 2010-11-26, 53.2, 57.3, 49.1, 61.6, 66.7, 56.5, 44.7, 49.2, 40.2, 30.1
330, 2010-11-27, 53, 57.1, 48.9, 61.4, 66.4, 56.4, 44.6, 49.1, 40.1, 30.4
331, 2010-11-28, 52.8, 56.9, 48.7, 61.1, 66.1, 56.1, 44.4, 48.9, 39.9, 30.7
332, 2010-11-29, 52.6, 56.6, 48.6, 60.9, 65.8, 56, 44.3, 48.8, 39.8, 31
333, 2010-11-30, 52.4, 56.4, 48.4, 60.7, 65.6, 55.8, 44.1, 48.6, 39.6, 31.3
334, 2010-12-01, 52.2, 56.2, 48.2, 60.5, 65.3, 55.7, 44, 48.5, 39.5, 31.6
335, 2010-12-02, 52.1, 56.1, 48.1, 60.3, 65.1, 55.5, 43.9, 48.4, 39.4, 31.9
336, 2010-12-03, 51.9, 55.9, 47.9, 60.1, 64.8, 55.4, 43.7, 48.2, 39.2, 32.2
337, 2010-12-04, 51.7, 55.6, 47.8, 59.9, 64.6, 55.2, 43.6, 48.1, 39.1, 32.4
338, 2010-12-05, 51.6, 55.5, 47.7, 59.7, 64.3, 55.1, 43.5, 48, 39, 32.7
339, 2010-12-06, 51.5, 55.4, 47.6, 59.5, 64.1, 54.9, 43.4, 47.9, 38.9, 32.9
340, 2010-12-07, 51.3, 55.2, 47.4, 59.4, 63.9, 54.9, 43.3, 47.9, 38.7, 33.1
341, 2010-12-08, 51.2, 55.1, 47.3, 59.2, 63.7, 54.7, 43.2, 47.8, 38.6, 33.4
342, 2010-12-09, 51.1, 55, 47.2, 59.1, 63.6, 54.6, 43.1, 47.7, 38.5, 33.6
343, 2010-12-10, 51, 54.9, 47.1, 58.9, 63.4, 54.4, 43, 47.6, 38.4, 33.8
344, 2010-12-11, 50.8, 54.7, 46.9, 58.8, 63.3, 54.3, 42.9, 47.5, 38.3, 33.9
345, 2010-12-12, 50.7, 54.6, 46.8, 58.7, 63.2, 54.2, 42.8, 47.5, 38.1, 34
346, 2010-12-13, 50.6, 54.6, 46.6, 58.6, 63.1, 54.1, 42.7, 47.4, 38, 34.1
347, 2010-12-14, 50.6, 54.6, 46.6, 58.5, 63, 54, 42.6, 47.3, 37.9, 34.2
348, 2010-12-15, 50.5, 54.5, 46.5, 58.4, 62.9, 53.9, 42.5, 47.3, 37.7, 34.2
349, 2010-12-16, 50.4, 54.4, 46.4, 58.3, 62.8, 53.8, 42.5, 47.3, 37.7, 34.2
350, 2010-12-17, 50.3, 54.3, 46.3, 58.2, 62.6, 53.8, 42.4, 47.2, 37.6, 34.3
351, 2010-12-18, 50.2, 54.2, 46.2, 58.2, 62.6, 53.8, 42.3, 47.1, 37.5, 34.3
352, 2010-12-19, 50.2, 54.2, 46.2, 58.1, 62.5, 53.7, 42.3, 47.1, 37.5, 34.3
353, 2010-12-20, 50.1, 54.1, 46.1, 58, 62.4, 53.6, 42.2, 47, 37.4, 34.3
354, 2010-12-21, 50.1, 54.1, 46.1, 58, 62.4, 53.6, 42.1, 46.9, 37.3, 34.4
355, 2010-12-22, 50, 54, 46, 57.9, 62.3, 53.5, 42.1, 46.9, 37.3, 34.4
356, 2010-12-23, 50, 54, 46, 57.9, 62.4, 53.4, 42, 46.9, 37.1, 34.4
357, 2010-12-24, 49.9, 53.9, 45.9, 57.9, 62.4, 53.4, 42, 46.9, 37.1, 34.4
358, 2010-12-25, 49.9, 54, 45.8, 57.8, 62.3, 53.3, 41.9, 46.8, 37, 34.5
359, 2010-12-26, 49.9, 54, 45.8, 57.8, 62.3, 53.3, 41.9, 46.8, 37, 34.7
360, 2010-12-27, 49.8, 53.9, 45.7, 57.8, 62.3, 53.3, 41.9, 46.8, 37, 34.9
361, 2010-12-28, 49.8, 53.9, 45.7, 57.8, 62.3, 53.3, 41.8, 46.7, 36.9, 34.9
362, 2010-12-29, 49.8, 53.9, 45.7, 57.7, 62.2, 53.2, 41.8, 46.7, 36.9, 35.1
363, 2010-12-30, 49.8, 53.9, 45.7, 57.7, 62.2, 53.2, 41.8, 46.7, 36.9, 35.2
364, 2010-12-31, 49.7, 53.8, 45.6, 57.7, 62.2, 53.2, 41.7, 46.6, 36.8, 35.2
