day, date, avg, avgh, avgl, hi, hih, hil, lo, loh, lol, precip
0, 2010-01-01, 49.5, 53.9, 45.1, 57.1, 61.7, 52.5, 41.8, 47.8, 35.8, 36.4
1, 2010-01-02, 49.5, 53.9, 45.1, 57.1, 61.7, 52.5, 41.8, 47.7, 35.9, 36.4
2, 2010-01-03, 49.5, 53.9, 45.1, 57.2, 61.8, 52.6, 41.8, 47.7, 35.9, 36.3
3, 2010-01-04, 49.5, 53.9, 45.1, 57.2, 61.9, 52.5, 41.8, 47.7, 35.9, 36.1
4, 2010-01-05, 49.5, 53.9, 45.1, 57.3, 62, 52.6, 41.8, 47.7, 35.9, 36
5, 2010-01-06, 49.6, 54, 45.2, 57.3, 62, 52.6, 41.8, 47.7, 35.9, 35.8
6, 2010-01-07, 49.6, 54, 45.2, 57.4, 62.1, 52.7, 41.8, 47.7, 35.9, 35.7
7, 2010-01-08, 49.6, 53.9, 45.3, 57.4, 62.1, 52.7, 41.8, 47.7, 35.9, 35.6
8, 2010-01-09, 49.7, 54, 45.4, 57.5, 62.2, 52.8, 41.9, 47.8, 36, 35.5
9, 2010-01-10, 49.7, 54, 45.4, 57.5, 62.2, 52.8, 41.9, 47.8, 36, 35.4
10, 2010-01-11, 49.7, 54, 45.4, 57.6, 62.3, 52.9, 41.9, 47.7, 36.1, 35.3
11, 2010-01-12, 49.8, 54.1, 45.5, 57.7, 62.5, 52.9, 41.9, 47.7, 36.1, 35.2
12, 2010-01-13, 49.8, 54.1, 45.5, 57.7, 62.5, 52.9, 42, 47.8, 36.2, 35.1
13, 2010-01-14, 49.9, 54.2, 45.6, 57.8, 62.6, 53, 42, 47.8, 36.2, 35.1
14, 2010-01-15, 50, 54.3, 45.7, 57.9, 62.7, 53.1, 42, 47.8, 36.2, 35.1
15, 2010-01-16, 50, 54.3, 45.7, 58, 62.8, 53.2, 42.1, 47.8, 36.4, 35.1
16, 2010-01-17, 50.1, 54.4, 45.8, 58.1, 62.9, 53.3, 42.1, 47.8, 36.4, 35.1
17, 2010-01-18, 50.2, 54.5, 45.9, 58.1, 62.9, 53.3, 42.2, 47.9, 36.5, 35.2
18, 2010-01-19, 50.2, 54.5, 45.9, 58.2, 63, 53.4, 42.2, 47.9, 36.5, 35.4
19, 2010-01-20, 50.3, 54.6, 46, 58.3, 63.1, 53.5, 42.3, 48, 36.6, 35.6
20, 2010-01-21, 50.4, 54.7, 46.1, 58.4, 63.2, 53.6, 42.3, 48, 36.6, 35.8
21, 2010-01-22, 50.5, 54.8, 46.2, 58.5, 63.3, 53.7, 42.4, 48.1, 36.7, 36
22, 2010-01-23, 50.5, 54.7, 46.3, 58.6, 63.4, 53.8, 42.4, 48, 36.8, 36.2
23, 2010-01-24, 50.6, 54.8, 46.4, 58.7, 63.5, 53.9, 42.5, 48.1, 36.9, 36.3
24, 2010-01-25, 50.7, 54.9, 46.5, 58.8, 63.6, 54, 42.6, 48.2, 37, 36.5
25, 2010-01-26, 50.8, 55, 46.6, 58.9, 63.7, 54.1, 42.7, 48.3, 37.1, 36.6
26, 2010-01-27, 50.9, 55, 46.8, 59.1, 63.9, 54.3, 42.7, 48.2, 37.2, 36.7
27, 2010-01-28, 51, 55.1, 46.9, 59.2, 64, 54.4, 42.8, 48.3, 37.3, 36.8
28, 2010-01-29, 51.1, 55.2, 47, 59.3, 64.1, 54.5, 42.9, 48.3, 37.5, 36.9
29, 2010-01-30, 51.2, 55.2, 47.2, 59.4, 64.2, 54.6, 43, 48.4, 37.6, 37.1
30, 2010-01-31, 51.3, 55.3, 47.3, 59.5, 64.3, 54.7, 43, 48.3, 37.7, 37.2
31, 2010-02-01, 51.4, 55.4, 47.4, 59.7, 64.5, 54.9, 43.1, 48.4, 37.8, 37.3
32, 2010-02-02, 51.5, 55.5, 47.5, 59.8, 64.6, 55, 43.2, 48.4, 38, 37.5
33, 2010-02-03, 51.6, 55.5, 47.7, 59.9, 64.7, 55.1, 43.3, 48.5, 38.1, 37.7
34, 2010-02-04, 51.7, 55.6, 47.8, 60.1, 64.9, 55.3, 43.4, 48.5, 38.3, 37.9
35, 2010-02-05, 51.8, 55.6, 48, 60.2, 64.9, 55.5, 43.5, 48.6, 38.4, 38.1
36, 2010-02-06, 52, 55.8, 48.2, 60.4, 65.1, 55.7, 43.6, 48.6, 38.6, 38.3
37, 2010-02-07, 52.1, 55.9, 48.3, 60.5, 65.2, 55.8, 43.7, 48.7, 38.7, 38.5
38, 2010-02-08, 52.2, 56, 48.4, 60.6, 65.3, 55.9, 43.7, 48.7, 38.7, 38.7
39, 2010-02-09, 52.3, 56, 48.6, 60.8, 65.5, 56.1, 43.8, 48.7, 38.9, 38.9
40, 2010-02-10, 52.4, 56.1, 48.7, 60.9, 65.6, 56.2, 43.9, 48.8, 39, 39
41, 2010-02-11, 52.6, 56.3, 48.9, 61.1, 65.8, 56.4, 44, 48.9, 39.1, 39.2
42, 2010-02-12, 52.7, 56.4, 49, 61.2, 65.9, 56.5, 44.1, 48.9, 39.3, 39.3
43, 2010-02-13, 52.8, 56.4, 49.2, 61.4, 66.1, 56.7, 44.2, 49, 39.4, 39.4
44, 2010-02-14, 52.9, 56.5, 49.3, 61.5, 66.2, 56.8, 44.3, 49, 39.6, 39.4
45, 2010-02-15, 53, 56.6, 49.4, 61.7, 66.4, 57, 44.4, 49.1, 39.7, 39.4
46, 2010-02-16, 53.1, 56.7, 49.5, 61.8, 66.5, 57.1, 44.5, 49.2, 39.8, 39.4
47, 2010-02-17, 53.3, 56.9, 49.7, 62, 66.8, 57.2, 44.5, 49.1, 39.9, 39.3
48, 2010-02-18, 53.4, 57, 49.8, 62.1, 66.9, 57.3, 44.6, 49.2, 40, 39.2
49, 2010-02-19, 53.5, 57.1, 49.9, 62.3, 67.1, 57.5, 44.7, 49.3, 40.1, 39
50, 2010-02-20, 53.6, 57.3, 49.9, 62.4, 67.3, 57.5, 44.8, 49.4, 40.2, 38.8
51, 2010-02-21, 53.7, 57.4, 50, 62.6, 67.5, 57.7, 44.9, 49.5, 40.3, 38.5
52, 2010-02-22, 53.8, 57.5, 50.1, 62.7, 67.7, 57.7, 44.9, 49.5, 40.3, 38.2
53, 2010-02-23, 53.9, 57.7, 50.1, 62.8, 67.9, 57.7, 45, 49.6, 40.4, 37.9
54, 2010-02-24, 54, 57.8, 50.2, 63, 68.1, 57.9, 45.1, 49.7, 40.5, 37.6
55, 2010-02-25, 54.1, 58, 50.2, 63.1, 68.3, 57.9, 45.2, 49.8, 40.6, 37.3
56, 2010-02-26, 54.2, 58.1, 50.3, 63.2, 68.5, 57.9, 45.2, 49.8, 40.6, 36.9
57, 2010-02-27, 54.3, 58.3, 50.3, 63.4, 68.8, 58, 45.3, 49.9, 40.7, 36.6
58, 2010-02-28, 54.4, 58.5, 50.3, 63.5, 69, 58, 45.4, 50, 40.8, 36.2
59, 2010-03-01, 54.5, 58.6, 50.4, 63.6, 69.1, 58.1, 45.4, 50, 40.8, 35.3
60, 2010-03-02, 54.6, 58.8, 50.4, 63.8, 69.4, 58.2, 45.5, 50.1, 40.9, 34.9
61, 2010-03-03, 54.7, 58.9, 50.5, 63.9, 69.6, 58.2, 45.6, 50.2, 41, 34.4
62, 2010-03-04, 54.8, 59, 50.6, 64, 69.8, 58.2, 45.6, 50.2, 41, 33.9
63, 2010-03-05, 54.9, 59.2, 50.6, 64.1, 69.9, 58.3, 45.7, 50.3, 41.1, 33.4
64, 2010-03-06, 55, 59.3, 50.7, 64.2, 70.1, 58.3, 45.8, 50.4, 41.2, 32.9
65, 2010-03-07, 55.1, 59.4, 50.8, 64.3, 70.3, 58.3, 45.8, 50.4, 41.2, 32.4
66, 2010-03-08, 55.2, 59.6, 50.8, 64.5, 70.5, 58.5, 45.9, 50.5, 41.3, 32
67, 2010-03-09, 55.2, 59.6, 50.8, 64.6, 70.7, 58.5, 45.9, 50.4, 41.4, 31.5
68, 2010-03-10, 55.3, 59.7, 50.9, 64.7, 70.8, 58.6, 46, 50.5, 41.5, 31
69, 2010-03-11, 55.4, 59.8, 51, 64.8, 71, 58.6, 46, 50.5, 41.5, 30.6
70, 2010-03-12, 55.5, 60, 51, 64.9, 71.2, 58.6, 46.1, 50.6, 41.6, 30.1
71, 2010-03-13, 55.6, 60.1, 51.1, 65, 71.3, 58.7, 46.1, 50.6, 41.6, 29.8
72, 2010-03-14, 55.6, 60.2, 51, 65.1, 71.5, 58.7, 46.2, 50.7, 41.7, 29.4
73, 2010-03-15, 55.7, 60.3, 51.1, 65.2, 71.6, 58.8, 46.2, 50.7, 41.7, 29.1
74, 2010-03-16, 55.8, 60.4, 51.2, 65.3, 71.8, 58.8, 46.3, 50.8, 41.8, 28.7
75, 2010-03-17, 55.9, 60.5, 51.3, 65.4, 71.9, 58.9, 46.3, 50.8, 41.8, 28.4
76, 2010-03-18, 56, 60.6, 51.4, 65.5, 72.1, 58.9, 46.4, 50.9, 41.9, 28.2
77, 2010-03-19, 56, 60.6, 51.4, 65.6, 72.2, 59, 46.5, 51, 42, 28
78, 2010-03-20, 56.1, 60.7, 51.5, 65.7, 72.3, 59.1, 46.5, 50.9, 42.1, 27.8
79, 2010-03-21, 56.2, 60.8, 51.6, 65.8, 72.4, 59.2, 46.6, 51, 42.2, 27.7
80, 2010-03-22, 56.3, 60.9, 51.7, 65.9, 72.5, 59.3, 46.6, 51, 42.2, 27.5
81, 2010-03-23, 56.4, 61, 51.8, 66, 72.6, 59.4, 46.7, 51.1, 42.3, 27.4
82, 2010-03-24, 56.4, 61, 51.8, 66.1, 72.7, 59.5, 46.7, 51.1, 42.3, 27.2
83, 2010-03-25, 56.5, 61.1, 51.9, 66.3, 72.9, 59.7, 46.8, 51.1, 42.5, 27.1
84, 2010-03-26, 56.6, 61.2, 52, 66.4, 73, 59.8, 46.9, 51.2, 42.6, 27
85, 2010-03-27, 56.7, 61.3, 52.1, 66.5, 73.1, 59.9, 46.9, 51.2, 42.6, 26.9
86, 2010-03-28, 56.8, 61.3, 52.3, 66.6, 73.2, 60, 47, 51.3, 42.7, 26.9
87, 2010-03-29, 56.9, 61.4, 52.4, 66.7, 73.3, 60.1, 47, 51.2, 42.8, 26.8
88, 2010-03-30, 57, 61.5, 52.5, 66.8, 73.4, 60.2, 47.1, 51.3, 42.9, 26.7
89, 2010-03-31, 57.1, 61.6, 52.6, 67, 73.6, 60.4, 47.2, 51.4, 43, 26.6
90, 2010-04-01, 57.2, 61.7, 52.7, 67.1, 73.7, 60.5, 47.3, 51.5, 43.1, 26.4
91, 2010-04-02, 57.3, 61.8, 52.8, 67.2, 73.8, 60.6, 47.3, 51.5, 43.1, 26.3
92, 2010-04-03, 57.4, 61.9, 52.9, 67.4, 74, 60.8, 47.4, 51.6, 43.2, 26.2
93, 2010-04-04, 57.5, 62, 53, 67.5, 74.2, 60.8, 47.5, 51.6, 43.4, 26.1
94, 2010-04-05, 57.6, 62.1, 53.1, 67.6, 74.3, 60.9, 47.6, 51.7, 43.5, 25.9
95, 2010-04-06, 57.7, 62.3, 53.1, 67.8, 74.6, 61, 47.6, 51.7, 43.5, 25.8
96, 2010-04-07, 57.8, 62.4, 53.2, 67.9, 74.7, 61.1, 47.7, 51.8, 43.6, 25.7
97, 2010-04-08, 57.9, 62.6, 53.2, 68, 74.9, 61.1, 47.8, 51.9, 43.7, 25.5
98, 2010-04-09, 58, 62.7, 53.3, 68.2, 75.2, 61.2, 47.9, 52, 43.8, 25.3
99, 2010-04-10, 58.1, 62.8, 53.4, 68.3, 75.3, 61.3, 48, 52.1, 43.9, 25.1
100, 2010-04-11, 58.2, 62.9, 53.5, 68.4, 75.5, 61.3, 48.1, 52.2, 44, 24.9
101, 2010-04-12, 58.4, 63.2, 53.6, 68.6, 75.7, 61.5, 48.1, 52.2, 44, 24.6
102, 2010-04-13, 58.5, 63.3, 53.7, 68.7, 75.9, 61.5, 48.2, 52.3, 44.1, 24.3
103, 2010-04-14, 58.6, 63.4, 53.8, 68.8, 76, 61.6, 48.3, 52.4, 44.2, 23.9
104, 2010-04-15, 58.7, 63.5, 53.9, 69, 76.3, 61.7, 48.4, 52.4, 44.4, 23.5
105, 2010-04-16, 58.8, 63.6, 54, 69.1, 76.4, 61.8, 48.5, 52.5, 44.5, 23.2
106, 2010-04-17, 58.9, 63.8, 54, 69.3, 76.7, 61.9, 48.6, 52.6, 44.6, 22.8
107, 2010-04-18, 59, 63.9, 54.1, 69.4, 76.8, 62, 48.7, 52.7, 44.7, 22.3
108, 2010-04-19, 59.2, 64.1, 54.3, 69.5, 76.9, 62.1, 48.8, 52.8, 44.8, 21.9
109, 2010-04-20, 59.3, 64.2, 54.4, 69.6, 77.1, 62.1, 48.9, 52.9, 44.9, 21.6
110, 2010-04-21, 59.4, 64.3, 54.5, 69.8, 77.3, 62.3, 49, 53, 45, 21.1
111, 2010-04-22, 59.5, 64.4, 54.6, 69.9, 77.4, 62.4, 49.1, 53, 45.2, 20.7
112, 2010-04-23, 59.6, 64.5, 54.7, 70, 77.5, 62.5, 49.2, 53.1, 45.3, 20.2
113, 2010-04-24, 59.7, 64.6, 54.8, 70.1, 77.6, 62.6, 49.3, 53.2, 45.4, 19.7
114, 2010-04-25, 59.8, 64.7, 54.9, 70.2, 77.7, 62.7, 49.4, 53.3, 45.5, 19.2
115, 2010-04-26, 59.9, 64.8, 55, 70.3, 77.8, 62.8, 49.5, 53.4, 45.6, 18.7
116, 2010-04-27, 60, 64.9, 55.1, 70.4, 78, 62.8, 49.6, 53.5, 45.7, 18.3
117, 2010-04-28, 60.1, 65, 55.2, 70.5, 78.1, 62.9, 49.7, 53.6, 45.8, 17.9
118, 2010-04-29, 60.2, 65.1, 55.3, 70.6, 78.2, 63, 49.8, 53.6, 46, 17.4
119, 2010-04-30, 60.3, 65.2, 55.4, 70.7, 78.3, 63.1, 49.9, 53.7, 46.1, 17.1
120, 2010-05-01, 60.4, 65.3, 55.5, 70.8, 78.4, 63.2, 50, 53.8, 46.2, 16.7
121, 2010-05-02, 60.5, 65.4, 55.6, 70.9, 78.5, 63.3, 50.1, 53.9, 46.3, 16.3
122, 2010-05-03, 60.6, 65.5, 55.7, 71, 78.6, 63.4, 50.2, 54, 46.4, 15.9
123, 2010-05-04, 60.7, 65.6, 55.8, 71.1, 78.7, 63.5, 50.3, 54.1, 46.5, 15.5
124, 2010-05-05, 60.8, 65.7, 55.9, 71.1, 78.7, 63.5, 50.4, 54.2, 46.6, 15
125, 2010-05-06, 60.9, 65.8, 56, 71.2, 78.8, 63.6, 50.5, 54.3, 46.7, 14.5
126, 2010-05-07, 61, 65.9, 56.1, 71.3, 78.9, 63.7, 50.6, 54.3, 46.9, 14.1
127, 2010-05-08, 61, 65.9, 56.1, 71.3, 78.9, 63.7, 50.7, 54.4, 47, 13.6
128, 2010-05-09, 61.1, 66, 56.2, 71.4, 79, 63.8, 50.8, 54.5, 47.1, 13.1
129, 2010-05-10, 61.2, 66, 56.4, 71.5, 79.1, 63.9, 50.9, 54.6, 47.2, 12.7
130, 2010-05-11, 61.3, 66.1, 56.5, 71.5, 79, 64, 51.1, 54.8, 47.4, 12.3
131, 2010-05-12, 61.4, 66.2, 56.6, 71.6, 79.1, 64.1, 51.2, 54.9, 47.5, 11.9
132, 2010-05-13, 61.5, 66.3, 56.7, 71.7, 79.2, 64.2, 51.3, 55, 47.6, 11.6
133, 2010-05-14, 61.5, 66.3, 56.7, 71.7, 79.2, 64.2, 51.4, 55.1, 47.7, 11.2
134, 2010-05-15, 61.6, 66.4, 56.8, 71.8, 79.3, 64.3, 51.5, 55.2, 47.8, 10.9
135, 2010-05-16, 61.7, 66.5, 56.9, 71.9, 79.4, 64.4, 51.6, 55.3, 47.9, 10.6
136, 2010-05-17, 61.8, 66.6, 57, 71.9, 79.4, 64.4, 51.7, 55.3, 48.1, 10.3
137, 2010-05-18, 61.9, 66.6, 57.2, 72, 79.4, 64.6, 51.8, 55.4, 48.2, 9.9
138, 2010-05-19, 62, 66.7, 57.3, 72.1, 79.5, 64.7, 51.9, 55.5, 48.3, 9.6
139, 2010-05-20, 62.1, 66.8, 57.4, 72.1, 79.5, 64.7, 52, 55.6, 48.4, 9.3
140, 2010-05-21, 62.2, 66.9, 57.5, 72.2, 79.6, 64.8, 52.1, 55.7, 48.5, 9.1
141, 2010-05-22, 62.3, 67, 57.6, 72.3, 79.7, 64.9, 52.2, 55.8, 48.6, 8.8
142, 2010-05-23, 62.4, 67.1, 57.7, 72.4, 79.8, 65, 52.4, 55.9, 48.9, 8.5
143, 2010-05-24, 62.5, 67.2, 57.8, 72.4, 79.8, 65, 52.5, 56, 49, 8.2
144, 2010-05-25, 62.5, 67.2, 57.8, 72.5, 79.9, 65.1, 52.6, 56.1, 49.1, 8
145, 2010-05-26, 62.7, 67.4, 58, 72.6, 80, 65.2, 52.7, 56.2, 49.2, 7.7
146, 2010-05-27, 62.8, 67.5, 58.1, 72.7, 80.1, 65.3, 52.8, 56.3, 49.3, 7.5
147, 2010-05-28, 62.9, 67.5, 58.3, 72.8, 80.1, 65.5, 52.9, 56.3, 49.5, 7.2
148, 2010-05-29, 63, 67.6, 58.4, 72.9, 80.2, 65.6, 53, 56.4, 49.6, 6.9
149, 2010-05-30, 63.1, 67.7, 58.5, 73, 80.3, 65.7, 53.1, 56.5, 49.7, 6.5
150, 2010-05-31, 63.2, 67.8, 58.6, 73.2, 80.5, 65.9, 53.2, 56.6, 49.8, 6.2
151, 2010-06-01, 63.3, 67.9, 58.7, 73.3, 80.6, 66, 53.4, 56.7, 50.1, 5.9
152, 2010-06-02, 63.4, 68, 58.8, 73.4, 80.7, 66.1, 53.5, 56.8, 50.2, 5.7
153, 2010-06-03, 63.6, 68.1, 59.1, 73.5, 80.8, 66.2, 53.6, 56.9, 50.3, 5.5
154, 2010-06-04, 63.7, 68.2, 59.2, 73.7, 81, 66.4, 53.7, 57, 50.4, 5.3
155, 2010-06-05, 63.8, 68.3, 59.3, 73.8, 81.1, 66.5, 53.8, 57, 50.6, 5.1
156, 2010-06-06, 63.9, 68.4, 59.4, 73.9, 81.2, 66.6, 53.9, 57.1, 50.7, 4.9
157, 2010-06-07, 64.1, 68.6, 59.6, 74.1, 81.4, 66.8, 54, 57.2, 50.8, 4.7
158, 2010-06-08, 64.2, 68.7, 59.7, 74.2, 81.5, 66.9, 54.1, 57.3, 50.9, 4.5
159, 2010-06-09, 64.3, 68.8, 59.8, 74.4, 81.7, 67.1, 54.2, 57.4, 51, 4.3
160, 2010-06-10, 64.4, 68.9, 59.9, 74.6, 81.9, 67.3, 54.3, 57.4, 51.2, 4
161, 2010-06-11, 64.6, 69.1, 60.1, 74.7, 82, 67.4, 54.4, 57.5, 51.3, 3.8
162, 2010-06-12, 64.7, 69.2, 60.2, 74.9, 82.3, 67.5, 54.5, 57.6, 51.4, 3.6
163, 2010-06-13, 64.8, 69.3, 60.3, 75, 82.4, 67.6, 54.6, 57.7, 51.5, 3.4
164, 2010-06-14, 65, 69.5, 60.5, 75.2, 82.6, 67.8, 54.7, 57.8, 51.6, 3.2
165, 2010-06-15, 65.1, 69.6, 60.6, 75.4, 82.8, 68, 54.8, 57.8, 51.8, 3
166, 2010-06-16, 65.2, 69.7, 60.7, 75.5, 82.9, 68.1, 54.9, 57.9, 51.9, 2.8
167, 2010-06-17, 65.3, 69.8, 60.8, 75.7, 83.1, 68.3, 55, 58, 52, 2.6
168, 2010-06-18, 65.5, 70, 61, 75.8, 83.2, 68.4, 55.1, 58.1, 52.1, 2.5
169, 2010-06-19, 65.6, 70.1, 61.1, 76, 83.5, 68.5, 55.2, 58.2, 52.2, 2.3
170, 2010-06-20, 65.7, 70.3, 61.1, 76.1, 83.6, 68.6, 55.3, 58.2, 52.4, 2.1
171, 2010-06-21, 65.8, 70.4, 61.2, 76.3, 83.8, 68.8, 55.4, 58.3, 52.5, 2
172, 2010-06-22, 65.9, 70.4, 61.4, 76.4, 83.9, 68.9, 55.4, 58.3, 52.5, 1.9
173, 2010-06-23, 66, 70.5, 61.5, 76.6, 84, 69.2, 55.5, 58.4, 52.6, 1.7
174, 2010-06-24, 66.2, 70.7, 61.7, 76.7, 84.1, 69.3, 55.6, 58.5, 52.7, 1.6
175, 2010-06-25, 66.3, 70.8, 61.8, 76.8, 84.2, 69.4, 55.7, 58.5, 52.9, 1.5
176, 2010-06-26, 66.4, 70.9, 61.9, 77, 84.4, 69.6, 55.7, 58.5, 52.9, 1.4
177, 2010-06-27, 66.5, 71, 62, 77.1, 84.5, 69.7, 55.8, 58.6, 53, 1.3
178, 2010-06-28, 66.5, 71, 62, 77.2, 84.6, 69.8, 55.9, 58.7, 53.1, 1.2
179, 2010-06-29, 66.6, 71.1, 62.1, 77.3, 84.7, 69.9, 55.9, 58.7, 53.1, 1.1
180, 2010-06-30, 66.7, 71.1, 62.3, 77.4, 84.8, 70, 56, 58.8, 53.2, 1
181, 2010-07-01, 66.8, 71.2, 62.4, 77.5, 84.8, 70.2, 56.1, 58.9, 53.3, -999.9
182, 2010-07-02, 66.9, 71.3, 62.5, 77.6, 84.9, 70.3, 56.1, 58.9, 53.3, -999.9
183, 2010-07-03, 66.9, 71.3, 62.5, 77.7, 85, 70.4, 56.2, 59, 53.4, -999.9
184, 2010-07-04, 67, 71.4, 62.6, 77.8, 85.1, 70.5, 56.2, 59, 53.4, -999.9
185, 2010-07-05, 67.1, 71.5, 62.7, 77.8, 85, 70.6, 56.3, 59, 53.6, -999.9
186, 2010-07-06, 67.1, 71.4, 62.8, 77.9, 85.1, 70.7, 56.3, 59, 53.6, -999.9
187, 2010-07-07, 67.2, 71.5, 62.9, 77.9, 85.1, 70.7, 56.4, 59.1, 53.7, -999.9
188, 2010-07-08, 67.2, 71.5, 62.9, 78, 85.2, 70.8, 56.4, 59.1, 53.7, -999.9
189, 2010-07-09, 67.2, 71.5, 62.9, 78, 85.1, 70.9, 56.5, 59.2, 53.8, -999.9
190, 2010-07-10, 67.3, 71.6, 63, 78.1, 85.2, 71, 56.5, 59.2, 53.8, -999.9
191, 2010-07-11, 67.3, 71.5, 63.1, 78.1, 85.1, 71.1, 56.5, 59.2, 53.8, -999.9
192, 2010-07-12, 67.3, 71.5, 63.1, 78.1, 85.1, 71.1, 56.6, 59.3, 53.9, -999.9
193, 2010-07-13, 67.4, 71.6, 63.2, 78.2, 85.2, 71.2, 56.6, 59.3, 53.9, -999.9
194, 2010-07-14, 67.4, 71.6, 63.2, 78.2, 85.1, 71.3, 56.6, 59.3, 53.9, -999.9
195, 2010-07-15, 67.4, 71.6, 63.2, 78.2, 85.1, 71.3, 56.6, 59.3, 53.9, -999.9
196, 2010-07-16, 67.4, 71.5, 63.3, 78.2, 85.1, 71.3, 56.7, 59.3, 54.1, -999.9
197, 2010-07-17, 67.5, 71.6, 63.4, 78.2, 85, 71.4, 56.7, 59.3, 54.1, -999.9
198, 2010-07-18, 67.5, 71.6, 63.4, 78.2, 85, 71.4, 56.7, 59.3, 54.1, -999.9
199, 2010-07-19, 67.5, 71.6, 63.4, 78.2, 85, 71.4, 56.7, 59.3, 54.1, -999.9
200, 2010-07-20, 67.5, 71.5, 63.5, 78.2, 85, 71.4, 56.8, 59.4, 54.2, -999.9
201, 2010-07-21, 67.5, 71.5, 63.5, 78.2, 84.9, 71.5, 56.8, 59.4, 54.2, -999.9
202, 2010-07-22, 67.5, 71.5, 63.5, 78.2, 84.9, 71.5, 56.8, 59.4, 54.2, -999.9
203, 2010-07-23, 67.5, 71.5, 63.5, 78.2, 84.9, 71.5, 56.8, 59.4, 54.2, -999.9
204, 2010-07-24, 67.5, 71.5, 63.5, 78.2, 84.9, 71.5, 56.8, 59.4, 54.2, -999.9
205, 2010-07-25, 67.5, 71.5, 63.5, 78.2, 84.9, 71.5, 56.8, 59.4, 54.2, -999.9
206, 2010-07-26, 67.5, 71.5, 63.5, 78.3, 85, 71.6, 56.8, 59.4, 54.2, -999.9
207, 2010-07-27, 67.6, 71.6, 63.6, 78.3, 85, 71.6, 56.9, 59.4, 54.4, -999.9
208, 2010-07-28, 67.6, 71.5, 63.7, 78.3, 85, 71.6, 56.9, 59.4, 54.4, -999.9
209, 2010-07-29, 67.6, 71.5, 63.7, 78.3, 84.9, 71.7, 56.9, 59.4, 54.4, -999.9
210, 2010-07-30, 67.6, 71.5, 63.7, 78.3, 84.9, 71.7, 56.9, 59.4, 54.4, -999.9
211, 2010-07-31, 67.6, 71.4, 63.8, 78.3, 84.8, 71.8, 56.9, 59.4, 54.4, -999.9
212, 2010-08-01, 67.6, 71.4, 63.8, 78.3, 84.8, 71.8, 56.9, 59.4, 54.4, 0.2
213, 2010-08-02, 67.6, 71.4, 63.8, 78.4, 84.8, 72, 56.9, 59.4, 54.4, 0.2
214, 2010-08-03, 67.6, 71.3, 63.9, 78.4, 84.8, 72, 56.9, 59.4, 54.4, 0.3
215, 2010-08-04, 67.7, 71.4, 64, 78.4, 84.7, 72.1, 56.9, 59.4, 54.4, 0.3
216, 2010-08-05, 67.7, 71.4, 64, 78.5, 84.8, 72.2, 56.9, 59.4, 54.4, 0.4
217, 2010-08-06, 67.7, 71.3, 64.1, 78.5, 84.7, 72.3, 56.9, 59.4, 54.4, 0.4
218, 2010-08-07, 67.7, 71.3, 64.1, 78.5, 84.7, 72.3, 56.9, 59.4, 54.4, 0.5
219, 2010-08-08, 67.7, 71.3, 64.1, 78.6, 84.8, 72.4, 56.9, 59.4, 54.4, 0.6
220, 2010-08-09, 67.8, 71.4, 64.2, 78.6, 84.8, 72.4, 56.9, 59.4, 54.4, 0.6
221, 2010-08-10, 67.8, 71.4, 64.2, 78.7, 84.9, 72.5, 56.9, 59.4, 54.4, 0.7
222, 2010-08-11, 67.8, 71.4, 64.2, 78.7, 84.8, 72.6, 56.9, 59.4, 54.4, 0.8
223, 2010-08-12, 67.8, 71.4, 64.2, 78.8, 84.9, 72.7, 56.9, 59.5, 54.3, 0.8
224, 2010-08-13, 67.9, 71.5, 64.3, 78.8, 84.9, 72.7, 56.9, 59.5, 54.3, 0.9
225, 2010-08-14, 67.9, 71.5, 64.3, 78.9, 85.1, 72.7, 56.9, 59.5, 54.3, 0.9
226, 2010-08-15, 67.9, 71.5, 64.3, 79, 85.2, 72.8, 56.9, 59.6, 54.2, 1
227, 2010-08-16, 67.9, 71.5, 64.3, 79, 85.2, 72.8, 56.9, 59.6, 54.2, 1.1
228, 2010-08-17, 68, 71.6, 64.4, 79.1, 85.3, 72.9, 56.8, 59.5, 54.1, 1.1
229, 2010-08-18, 68, 71.7, 64.3, 79.1, 85.3, 72.9, 56.8, 59.6, 54, 1.2
230, 2010-08-19, 68, 71.7, 64.3, 79.2, 85.5, 72.9, 56.8, 59.6, 54, 1.3
231, 2010-08-20, 68, 71.7, 64.3, 79.2, 85.5, 72.9, 56.8, 59.6, 54, 1.3
232, 2010-08-21, 68, 71.7, 64.3, 79.3, 85.6, 73, 56.8, 59.7, 53.9, 1.4
233, 2010-08-22, 68.1, 71.8, 64.4, 79.3, 85.6, 73, 56.8, 59.7, 53.9, 1.4
234, 2010-08-23, 68.1, 71.8, 64.4, 79.4, 85.7, 73.1, 56.7, 59.6, 53.8, 1.5
235, 2010-08-24, 68.1, 71.9, 64.3, 79.4, 85.7, 73.1, 56.7, 59.6, 53.8, 1.5
236, 2010-08-25, 68.1, 71.9, 64.3, 79.5, 85.8, 73.2, 56.7, 59.7, 53.7, 1.6
237, 2010-08-26, 68.1, 71.9, 64.3, 79.5, 85.8, 73.2, 56.7, 59.7, 53.7, 1.7
238, 2010-08-27, 68.1, 71.9, 64.3, 79.5, 85.9, 73.1, 56.6, 59.6, 53.6, 1.8
239, 2010-08-28, 68.1, 72, 64.2, 79.5, 85.9, 73.1, 56.6, 59.7, 53.5, 1.9
240, 2010-08-29, 68.1, 72, 64.2, 79.6, 86, 73.2, 56.6, 59.7, 53.5, 2
241, 2010-08-30, 68, 71.9, 64.1, 79.6, 86.1, 73.1, 56.5, 59.6, 53.4, 2
242, 2010-08-31, 68, 72, 64, 79.6, 86.1, 73.1, 56.5, 59.6, 53.4, 2.1
243, 2010-09-01, 68, 72, 64, 79.6, 86.2, 73, 56.5, 59.7, 53.3, 2.2
244, 2010-09-02, 68, 72, 64, 79.5, 86.1, 72.9, 56.4, 59.6, 53.2, 2.2
245, 2010-09-03, 67.9, 72, 63.8, 79.5, 86.2, 72.8, 56.4, 59.6, 53.2, 2.2
246, 2010-09-04, 67.9, 72, 63.8, 79.5, 86.2, 72.8, 56.3, 59.5, 53.1, 2.2
247, 2010-09-05, 67.9, 72.1, 63.7, 79.4, 86.2, 72.6, 56.3, 59.6, 53, 2.3
248, 2010-09-06, 67.8, 72, 63.6, 79.4, 86.2, 72.6, 56.2, 59.5, 52.9, 2.3
249, 2010-09-07, 67.8, 72, 63.6, 79.3, 86.2, 72.4, 56.2, 59.5, 52.9, 2.3
250, 2010-09-08, 67.7, 71.9, 63.5, 79.3, 86.2, 72.4, 56.1, 59.4, 52.8, 2.3
251, 2010-09-09, 67.6, 71.9, 63.3, 79.2, 86.2, 72.2, 56.1, 59.4, 52.8, 2.4
252, 2010-09-10, 67.6, 71.9, 63.3, 79.1, 86.1, 72.1, 56, 59.4, 52.6, 2.4
253, 2010-09-11, 67.5, 71.8, 63.2, 79, 86.1, 71.9, 55.9, 59.3, 52.5, 2.4
254, 2010-09-12, 67.4, 71.7, 63.1, 78.9, 86, 71.8, 55.9, 59.3, 52.5, 2.5
255, 2010-09-13, 67.3, 71.6, 63, 78.8, 85.9, 71.7, 55.8, 59.2, 52.4, 2.6
256, 2010-09-14, 67.2, 71.5, 62.9, 78.7, 85.8, 71.6, 55.7, 59.1, 52.3, 2.6
257, 2010-09-15, 67.1, 71.4, 62.8, 78.6, 85.7, 71.5, 55.6, 59, 52.2, 2.7
258, 2010-09-16, 67, 71.3, 62.7, 78.5, 85.6, 71.4, 55.6, 59, 52.2, 2.8
259, 2010-09-17, 66.9, 71.2, 62.6, 78.3, 85.5, 71.1, 55.5, 58.9, 52.1, 2.9
260, 2010-09-18, 66.8, 71.1, 62.5, 78.2, 85.4, 71, 55.4, 58.8, 52, 3
261, 2010-09-19, 66.7, 71.1, 62.3, 78.1, 85.3, 70.9, 55.3, 58.7, 51.9, 3.2
262, 2010-09-20, 66.6, 71, 62.2, 77.9, 85.1, 70.7, 55.2, 58.7, 51.7, 3.3
263, 2010-09-21, 66.4, 70.8, 62, 77.8, 85, 70.6, 55.1, 58.6, 51.6, 3.5
264, 2010-09-22, 66.3, 70.7, 61.9, 77.6, 84.8, 70.4, 55, 58.5, 51.5, 3.6
265, 2010-09-23, 66.2, 70.6, 61.8, 77.4, 84.6, 70.2, 54.9, 58.4, 51.4, 3.7
266, 2010-09-24, 66.1, 70.5, 61.7, 77.3, 84.5, 70.1, 54.8, 58.3, 51.3, 3.8
267, 2010-09-25, 65.9, 70.3, 61.5, 77.1, 84.3, 69.9, 54.7, 58.2, 51.2, 4
268, 2010-09-26, 65.8, 70.2, 61.4, 76.9, 84.1, 69.7, 54.6, 58.2, 51, 4.1
269, 2010-09-27, 65.6, 70, 61.2, 76.7, 83.9, 69.5, 54.5, 58.1, 50.9, 4.2
270, 2010-09-28, 65.5, 69.9, 61.1, 76.6, 83.8, 69.4, 54.4, 58, 50.8, 4.4
271, 2010-09-29, 65.3, 69.7, 60.9, 76.4, 83.6, 69.2, 54.3, 57.9, 50.7, 4.6
272, 2010-09-30, 65.2, 69.6, 60.8, 76.2, 83.4, 69, 54.2, 57.9, 50.5, 4.8
273, 2010-10-01, 65, 69.4, 60.6, 76, 83.1, 68.9, 54, 57.7, 50.3, 5
274, 2010-10-02, 64.9, 69.2, 60.6, 75.8, 82.9, 68.7, 53.9, 57.6, 50.2, 5.3
275, 2010-10-03, 64.7, 69, 60.4, 75.6, 82.7, 68.5, 53.8, 57.5, 50.1, 5.6
276, 2010-10-04, 64.5, 68.8, 60.2, 75.4, 82.5, 68.3, 53.7, 57.4, 50, 5.9
277, 2010-10-05, 64.4, 68.7, 60.1, 75.2, 82.3, 68.1, 53.5, 57.2, 49.8, 6.2
278, 2010-10-06, 64.2, 68.5, 59.9, 75, 82.1, 67.9, 53.4, 57.1, 49.7, 6.5
279, 2010-10-07, 64, 68.3, 59.7, 74.8, 81.9, 67.7, 53.2, 57, 49.4, 6.9
280, 2010-10-08, 63.9, 68.2, 59.6, 74.6, 81.6, 67.6, 53.1, 56.9, 49.3, 7.2
281, 2010-10-09, 63.7, 67.9, 59.5, 74.4, 81.4, 67.4, 52.9, 56.7, 49.1, 7.6
282, 2010-10-10, 63.5, 67.7, 59.3, 74.2, 81.1, 67.3, 52.8, 56.6, 49, 7.9
283, 2010-10-11, 63.3, 67.5, 59.1, 74, 80.9, 67.1, 52.6, 56.4, 48.8, 8.3
284, 2010-10-12, 63.1, 67.3, 58.9, 73.8, 80.6, 67, 52.5, 56.3, 48.7, 8.7
285, 2010-10-13, 62.9, 67.1, 58.7, 73.6, 80.4, 66.8, 52.3, 56.1, 48.5, 9.1
286, 2010-10-14, 62.8, 67, 58.6, 73.4, 80.2, 66.6, 52.1, 56, 48.2, 9.5
287, 2010-10-15, 62.6, 66.8, 58.4, 73.1, 79.8, 66.4, 52, 55.9, 48.1, 10
288, 2010-10-16, 62.4, 66.6, 58.2, 72.9, 79.6, 66.2, 51.8, 55.7, 47.9, 10.4
289, 2010-10-17, 62.2, 66.3, 58.1, 72.7, 79.3, 66.1, 51.6, 55.5, 47.7, 10.9
290, 2010-10-18, 62, 66.1, 57.9, 72.5, 79.1, 65.9, 51.5, 55.5, 47.5, 11.3
291, 2010-10-19, 61.8, 65.9, 57.7, 72.2, 78.7, 65.7, 51.3, 55.3, 47.3, 11.8
292, 2010-10-20, 61.6, 65.7, 57.5, 72, 78.5, 65.5, 51.1, 55.1, 47.1, 12.2
293, 2010-10-21, 61.3, 65.4, 57.2, 71.8, 78.2, 65.4, 50.9, 55, 46.8, 12.7
294, 2010-10-22, 61.1, 65.2, 57, 71.5, 77.9, 65.1, 50.7, 54.8, 46.6, 13.2
295, 2010-10-23, 60.9, 65, 56.8, 71.3, 77.6, 65, 50.5, 54.7, 46.3, 13.7
296, 2010-10-24, 60.7, 64.8, 56.6, 71, 77.3, 64.7, 50.3, 54.5, 46.1, 14.3
297, 2010-10-25, 60.5, 64.6, 56.4, 70.8, 77, 64.6, 50.2, 54.4, 46, 14.8
298, 2010-10-26, 60.2, 64.3, 56.1, 70.5, 76.7, 64.3, 50, 54.2, 45.8, 15.4
299, 2010-10-27, 60, 64.1, 55.9, 70.3, 76.4, 64.2, 49.8, 54.1, 45.5, 15.9
300, 2010-10-28, 59.8, 63.9, 55.7, 70, 76.1, 63.9, 49.6, 53.9, 45.3, 16.4
301, 2010-10-29, 59.5, 63.6, 55.4, 69.7, 75.7, 63.7, 49.4, 53.7, 45.1, 16.9
302, 2010-10-30, 59.3, 63.4, 55.2, 69.5, 75.4, 63.6, 49.2, 53.6, 44.8, 17.5
303, 2010-10-31, 59.1, 63.2, 55, 69.2, 75.1, 63.3, 49, 53.4, 44.6, 17.9
304, 2010-11-01, 58.8, 62.9, 54.7, 68.9, 74.7, 63.1, 48.8, 53.3, 44.3, 18.4
305, 2010-11-02, 58.6, 62.7, 54.5, 68.6, 74.4, 62.8, 48.6, 53.1, 44.1, 18.8
306, 2010-11-03, 58.3, 62.4, 54.2, 68.3, 74, 62.6, 48.4, 53, 43.8, 19.3
307, 2010-11-04, 58.1, 62.2, 54, 68, 73.6, 62.4, 48.2, 52.8, 43.6, 19.8
308, 2010-11-05, 57.8, 61.9, 53.7, 67.7, 73.3, 62.1, 48, 52.7, 43.3, 20.2
309, 2010-11-06, 57.6, 61.7, 53.5, 67.4, 72.9, 61.9, 47.8, 52.5, 43.1, 20.7
310, 2010-11-07, 57.3, 61.4, 53.2, 67.1, 72.6, 61.6, 47.6, 52.4, 42.8, 21.2
311, 2010-11-08, 57.1, 61.2, 53, 66.8, 72.2, 61.4, 47.4, 52.2, 42.6, 21.7
312, 2010-11-09, 56.8, 60.9, 52.7, 66.4, 71.8, 61, 47.2, 52.1, 42.3, 22.2
313, 2010-11-10, 56.6, 60.7, 52.5, 66.1, 71.4, 60.8, 47, 51.9, 42.1, 22.6
314, 2010-11-11, 56.3, 60.4, 52.2, 65.8, 71.1, 60.5, 46.8, 51.8, 41.8, 23
315, 2010-11-12, 56.1, 60.2, 52, 65.5, 70.7, 60.3, 46.6, 51.6, 41.6, 23.3
316, 2010-11-13, 55.8, 59.9, 51.7, 65.2, 70.3, 60.1, 46.4, 51.4, 41.4, 23.7
317, 2010-11-14, 55.5, 59.6, 51.4, 64.8, 69.9, 59.7, 46.3, 51.4, 41.2, 24
318, 2010-11-15, 55.3, 59.4, 51.2, 64.5, 69.5, 59.5, 46.1, 51.2, 41, 24.3
319, 2010-11-16, 55, 59.1, 50.9, 64.2, 69.2, 59.2, 45.9, 51.1, 40.7, 24.7
320, 2010-11-17, 54.8, 58.9, 50.7, 63.9, 68.8, 59, 45.7, 50.9, 40.5, 25.1
321, 2010-11-18, 54.6, 58.7, 50.5, 63.6, 68.5, 58.7, 45.6, 50.8, 40.4, 25.4
322, 2010-11-19, 54.3, 58.4, 50.2, 63.2, 68, 58.4, 45.4, 50.7, 40.1, 25.8
323, 2010-11-20, 54.1, 58.2, 50, 62.9, 67.7, 58.1, 45.2, 50.5, 39.9, 26.1
324, 2010-11-21, 53.8, 58, 49.6, 62.6, 67.4, 57.8, 45.1, 50.5, 39.7, 26.5
325, 2010-11-22, 53.6, 57.8, 49.4, 62.3, 67, 57.6, 44.9, 50.3, 39.5, 26.8
326, 2010-11-23, 53.4, 57.6, 49.2, 62, 66.7, 57.3, 44.8, 50.2, 39.4, 27.1
327, 2010-11-24, 53.2, 57.4, 49, 61.7, 66.4, 57, 44.6, 50.1, 39.1, 27.4
328, 2010-11-25, 52.9, 57.1, 48.7, 61.4, 66, 56.8, 44.5, 50, 39, 27.7
329, 2010-11-26, 52.7, 56.9, 48.5, 61.1, 65.7, 56.5, 44.3, 49.9, 38.7, 28
330, 2010-11-27, 52.5, 56.7, 48.3, 60.9, 65.5, 56.3, 44.2, 49.8, 38.6, 28.4
331, 2010-11-28, 52.3, 56.6, 48, 60.6, 65.2, 56, 44.1, 49.8, 38.4, 28.7
332, 2010-11-29, 52.1, 56.4, 47.8, 60.3, 64.9, 55.7, 43.9, 49.6, 38.2, 29
333, 2010-11-30, 51.9, 56.2, 47.6, 60.1, 64.7, 55.5, 43.8, 49.5, 38.1, 29.4
334, 2010-12-01, 51.8, 56.1, 47.5, 59.8, 64.4, 55.2, 43.7, 49.5, 37.9, 29.7
335, 2010-12-02, 51.6, 56, 47.2, 59.6, 64.2, 55, 43.6, 49.4, 37.8, 30.1
336, 2010-12-03, 51.4, 55.8, 47, 59.4, 63.9, 54.9, 43.5, 49.3, 37.7, 30.4
337, 2010-12-04, 51.3, 55.7, 46.9, 59.2, 63.7, 54.7, 43.4, 49.2, 37.6, 30.8
338, 2010-12-05, 51.1, 55.5, 46.7, 59, 63.5, 54.5, 43.2, 49.1, 37.3, 31.2
339, 2010-12-06, 51, 55.4, 46.6, 58.8, 63.3, 54.3, 43.1, 49, 37.2, 31.6
340, 2010-12-07, 50.8, 55.2, 46.4, 58.6, 63.1, 54.1, 43.1, 49, 37.2, 32
341, 2010-12-08, 50.7, 55.1, 46.3, 58.4, 62.9, 53.9, 43, 49, 37, 32.4
342, 2010-12-09, 50.6, 55.1, 46.1, 58.3, 62.8, 53.8, 42.9, 48.9, 36.9, 32.8
343, 2010-12-10, 50.5, 55, 46, 58.1, 62.6, 53.6, 42.8, 48.8, 36.8, 33.2
344, 2010-12-11, 50.3, 54.8, 45.8, 58, 62.5, 53.5, 42.7, 48.7, 36.7, 33.5
345, 2010-12-12, 50.2, 54.7, 45.7, 57.8, 62.3, 53.3, 42.6, 48.7, 36.5, 33.9
346, 2010-12-13, 50.1, 54.7, 45.5, 57.7, 62.2, 53.2, 42.6, 48.7, 36.5, 34.3
347, 2010-12-14, 50.1, 54.7, 45.5, 57.6, 62.1, 53.1, 42.5, 48.6, 36.4, 34.6
348, 2010-12-15, 50, 54.6, 45.4, 57.5, 62, 53, 42.4, 48.5, 36.3, 34.9
349, 2010-12-16, 49.9, 54.5, 45.3, 57.4, 61.9, 52.9, 42.4, 48.6, 36.2, 35.1
350, 2010-12-17, 49.8, 54.4, 45.2, 57.3, 61.8, 52.8, 42.3, 48.5, 36.1, 35.4
351, 2010-12-18, 49.8, 54.4, 45.2, 57.3, 61.8, 52.8, 42.2, 48.4, 36, 35.6
352, 2010-12-19, 49.7, 54.2, 45.2, 57.2, 61.7, 52.7, 42.2, 48.3, 36.1, 35.8
353, 2010-12-20, 49.7, 54.2, 45.2, 57.2, 61.7, 52.7, 42.1, 48.2, 36, 35.9
354, 2010-12-21, 49.6, 54.1, 45.1, 57.1, 61.6, 52.6, 42.1, 48.2, 36, 36
355, 2010-12-22, 49.6, 54.1, 45.1, 57.1, 61.6, 52.6, 42.1, 48.2, 36, 36
356, 2010-12-23, 49.5, 54, 45, 57.1, 61.6, 52.6, 42, 48.1, 35.9, 36.1
357, 2010-12-24, 49.5, 54, 45, 57, 61.5, 52.5, 42, 48.1, 35.9, 36.1
358, 2010-12-25, 49.5, 53.9, 45.1, 57, 61.5, 52.5, 42, 48, 36, 36.1
359, 2010-12-26, 49.5, 53.9, 45.1, 57, 61.6, 52.4, 41.9, 47.9, 35.9, 36.2
360, 2010-12-27, 49.5, 53.9, 45.1, 57, 61.6, 52.4, 41.9, 47.9, 35.9, 36.2
361, 2010-12-28, 49.4, 53.8, 45, 57, 61.6, 52.4, 41.9, 47.9, 35.9, 36.3
362, 2010-12-29, 49.4, 53.8, 45, 57, 61.6, 52.4, 41.9, 47.9, 35.9, 36.4
363, 2010-12-30, 49.4, 53.8, 45, 57.1, 61.7, 52.5, 41.8, 47.8, 35.8, 36.4
364, 2010-12-31, 49.5, 53.9, 45.1, 57.1, 61.7, 52.5, 41.8, 47.8, 35.8, 36.4
