day, date, avg, avgh, avgl, hi, hih, hil, lo, loh, lol, precip
0, 2010-01-01, 49.4, 53.6, 45.2, 56.9, 61.5, 52.3, 41.9, 47.3, 36.5, 41
1, 2010-01-02, 49.4, 53.6, 45.2, 56.9, 61.5, 52.3, 41.9, 47.3, 36.5, 40.8
2, 2010-01-03, 49.4, 53.6, 45.2, 56.9, 61.5, 52.3, 41.9, 47.3, 36.5, 40.4
3, 2010-01-04, 49.4, 53.6, 45.2, 56.9, 61.5, 52.3, 41.9, 47.3, 36.5, 40.1
4, 2010-01-05, 49.4, 53.6, 45.2, 56.9, 61.5, 52.3, 42, 47.4, 36.6, 39.8
5, 2010-01-06, 49.5, 53.7, 45.3, 56.9, 61.5, 52.3, 42, 47.4, 36.6, 39.5
6, 2010-01-07, 49.5, 53.7, 45.3, 56.9, 61.5, 52.3, 42, 47.4, 36.6, 39.1
7, 2010-01-08, 49.5, 53.7, 45.3, 56.9, 61.5, 52.3, 42, 47.4, 36.6, 38.7
8, 2010-01-09, 49.5, 53.6, 45.4, 56.9, 61.5, 52.3, 42.1, 47.5, 36.7, 38.2
9, 2010-01-10, 49.5, 53.6, 45.4, 56.9, 61.4, 52.4, 42.1, 47.4, 36.8, 37.8
10, 2010-01-11, 49.5, 53.6, 45.4, 57, 61.5, 52.5, 42.1, 47.4, 36.8, 37.2
11, 2010-01-12, 49.6, 53.7, 45.5, 57, 61.5, 52.5, 42.2, 47.5, 36.9, 36.7
12, 2010-01-13, 49.6, 53.7, 45.5, 57, 61.6, 52.4, 42.2, 47.5, 36.9, 36.2
13, 2010-01-14, 49.6, 53.7, 45.5, 57, 61.6, 52.4, 42.3, 47.5, 37.1, 35.8
14, 2010-01-15, 49.7, 53.8, 45.6, 57, 61.6, 52.4, 42.3, 47.5, 37.1, 35.3
15, 2010-01-16, 49.7, 53.8, 45.6, 57, 61.6, 52.4, 42.4, 47.6, 37.2, 34.9
16, 2010-01-17, 49.7, 53.8, 45.6, 57.1, 61.7, 52.5, 42.4, 47.6, 37.2, 34.6
17, 2010-01-18, 49.8, 53.9, 45.7, 57.1, 61.7, 52.5, 42.5, 47.7, 37.3, 34.4
18, 2010-01-19, 49.8, 53.9, 45.7, 57.1, 61.8, 52.4, 42.5, 47.7, 37.3, 34.2
19, 2010-01-20, 49.9, 54, 45.8, 57.2, 61.9, 52.5, 42.6, 47.8, 37.4, 34.1
20, 2010-01-21, 50, 54.1, 45.9, 57.2, 61.9, 52.5, 42.7, 47.9, 37.5, 34.1
21, 2010-01-22, 50, 54.1, 45.9, 57.3, 62, 52.6, 42.8, 48, 37.6, 34.1
22, 2010-01-23, 50.1, 54.2, 46, 57.3, 62, 52.6, 42.8, 47.9, 37.7, 34
23, 2010-01-24, 50.2, 54.2, 46.2, 57.4, 62.1, 52.7, 42.9, 48, 37.8, 33.9
24, 2010-01-25, 50.2, 54.2, 46.2, 57.5, 62.2, 52.8, 43, 48.1, 37.9, 33.9
25, 2010-01-26, 50.3, 54.3, 46.3, 57.6, 62.3, 52.9, 43.1, 48.2, 38, 33.9
26, 2010-01-27, 50.4, 54.4, 46.4, 57.6, 62.3, 52.9, 43.2, 48.2, 38.2, 33.9
27, 2010-01-28, 50.5, 54.5, 46.5, 57.7, 62.4, 53, 43.3, 48.3, 38.3, 33.9
28, 2010-01-29, 50.6, 54.6, 46.6, 57.8, 62.5, 53.1, 43.4, 48.4, 38.4, 33.9
29, 2010-01-30, 50.7, 54.6, 46.8, 57.9, 62.6, 53.2, 43.5, 48.4, 38.6, 34
30, 2010-01-31, 50.8, 54.7, 46.9, 58, 62.7, 53.3, 43.6, 48.5, 38.7, 34
31, 2010-02-01, 50.9, 54.8, 47, 58.2, 62.9, 53.5, 43.7, 48.6, 38.8, 34.1
32, 2010-02-02, 51, 54.9, 47.1, 58.3, 63, 53.6, 43.8, 48.6, 39, 34.3
33, 2010-02-03, 51.2, 55, 47.4, 58.4, 63.1, 53.7, 43.9, 48.7, 39.1, 34.5
34, 2010-02-04, 51.3, 55.1, 47.5, 58.5, 63.1, 53.9, 44, 48.7, 39.3, 34.8
35, 2010-02-05, 51.4, 55.2, 47.6, 58.7, 63.3, 54.1, 44.2, 48.9, 39.5, 35.1
36, 2010-02-06, 51.6, 55.4, 47.8, 58.8, 63.4, 54.2, 44.3, 48.9, 39.7, 35.4
37, 2010-02-07, 51.7, 55.5, 47.9, 59, 63.7, 54.3, 44.4, 49, 39.8, 35.8
38, 2010-02-08, 51.8, 55.5, 48.1, 59.1, 63.8, 54.4, 44.5, 49, 40, 36.1
39, 2010-02-09, 52, 55.7, 48.3, 59.3, 64, 54.6, 44.7, 49.2, 40.2, 36.4
40, 2010-02-10, 52.1, 55.8, 48.4, 59.4, 64.1, 54.7, 44.8, 49.3, 40.3, 36.8
41, 2010-02-11, 52.3, 56, 48.6, 59.6, 64.3, 54.9, 44.9, 49.3, 40.5, 37.1
42, 2010-02-12, 52.4, 56.1, 48.7, 59.8, 64.5, 55.1, 45, 49.4, 40.6, 37.4
43, 2010-02-13, 52.5, 56.1, 48.9, 59.9, 64.6, 55.2, 45.2, 49.5, 40.9, 37.6
44, 2010-02-14, 52.7, 56.3, 49.1, 60.1, 64.8, 55.4, 45.3, 49.6, 41, 37.8
45, 2010-02-15, 52.8, 56.4, 49.2, 60.3, 65, 55.6, 45.4, 49.7, 41.1, 38
46, 2010-02-16, 53, 56.6, 49.4, 60.4, 65.1, 55.7, 45.5, 49.7, 41.3, 38.2
47, 2010-02-17, 53.1, 56.7, 49.5, 60.6, 65.3, 55.9, 45.6, 49.8, 41.4, 38.4
48, 2010-02-18, 53.3, 56.9, 49.7, 60.8, 65.6, 56, 45.8, 50, 41.6, 38.4
49, 2010-02-19, 53.4, 57.1, 49.7, 60.9, 65.7, 56.1, 45.9, 50.1, 41.7, 38.3
50, 2010-02-20, 53.5, 57.2, 49.8, 61.1, 66, 56.2, 46, 50.2, 41.8, 38.3
51, 2010-02-21, 53.7, 57.4, 50, 61.3, 66.2, 56.4, 46.1, 50.3, 41.9, 38.2
52, 2010-02-22, 53.8, 57.6, 50, 61.4, 66.4, 56.4, 46.2, 50.3, 42.1, 38.1
53, 2010-02-23, 53.9, 57.7, 50.1, 61.6, 66.6, 56.6, 46.3, 50.4, 42.2, 38
54, 2010-02-24, 54.1, 57.9, 50.3, 61.7, 66.8, 56.6, 46.4, 50.5, 42.3, 37.8
55, 2010-02-25, 54.2, 58.1, 50.3, 61.9, 67.1, 56.7, 46.5, 50.6, 42.4, 37.6
56, 2010-02-26, 54.3, 58.3, 50.3, 62, 67.3, 56.7, 46.6, 50.7, 42.5, 37.4
57, 2010-02-27, 54.4, 58.4, 50.4, 62.2, 67.6, 56.8, 46.7, 50.9, 42.5, 37.2
58, 2010-02-28, 54.5, 58.6, 50.4, 62.3, 67.8, 56.8, 46.7, 50.9, 42.5, 36.9
59, 2010-03-01, 54.6, 58.7, 50.5, 62.4, 68, 56.8, 46.8, 51, 42.6, 36.3
60, 2010-03-02, 54.7, 58.9, 50.5, 62.5, 68.2, 56.8, 46.9, 51.1, 42.7, 35.9
61, 2010-03-03, 54.8, 59, 50.6, 62.7, 68.4, 57, 46.9, 51.1, 42.7, 35.4
62, 2010-03-04, 54.9, 59.2, 50.6, 62.8, 68.6, 57, 47, 51.2, 42.8, 34.9
63, 2010-03-05, 55, 59.3, 50.7, 62.9, 68.8, 57, 47.1, 51.3, 42.9, 34.4
64, 2010-03-06, 55, 59.3, 50.7, 63, 68.9, 57.1, 47.1, 51.3, 42.9, 33.8
65, 2010-03-07, 55.1, 59.4, 50.8, 63.1, 69.1, 57.1, 47.2, 51.4, 43, 33.2
66, 2010-03-08, 55.2, 59.6, 50.8, 63.2, 69.2, 57.2, 47.2, 51.4, 43, 32.6
67, 2010-03-09, 55.2, 59.6, 50.8, 63.3, 69.4, 57.2, 47.2, 51.3, 43.1, 32.1
68, 2010-03-10, 55.3, 59.7, 50.9, 63.3, 69.4, 57.2, 47.3, 51.4, 43.2, 31.5
69, 2010-03-11, 55.4, 59.8, 51, 63.4, 69.6, 57.2, 47.3, 51.4, 43.2, 31
70, 2010-03-12, 55.4, 59.8, 51, 63.5, 69.7, 57.3, 47.3, 51.4, 43.2, 30.6
71, 2010-03-13, 55.5, 60, 51, 63.6, 69.8, 57.4, 47.4, 51.5, 43.3, 30.1
72, 2010-03-14, 55.5, 60, 51, 63.6, 69.9, 57.3, 47.4, 51.5, 43.3, 29.7
73, 2010-03-15, 55.6, 60.1, 51.1, 63.7, 70, 57.4, 47.4, 51.6, 43.2, 29.3
74, 2010-03-16, 55.6, 60.1, 51.1, 63.8, 70.2, 57.4, 47.4, 51.6, 43.2, 28.8
75, 2010-03-17, 55.6, 60.1, 51.1, 63.8, 70.2, 57.4, 47.5, 51.7, 43.3, 28.4
76, 2010-03-18, 55.7, 60.2, 51.2, 63.9, 70.3, 57.5, 47.5, 51.7, 43.3, 28
77, 2010-03-19, 55.7, 60.2, 51.2, 64, 70.4, 57.6, 47.5, 51.7, 43.3, 27.7
78, 2010-03-20, 55.8, 60.3, 51.3, 64, 70.4, 57.6, 47.5, 51.6, 43.4, 27.3
79, 2010-03-21, 55.8, 60.3, 51.3, 64.1, 70.5, 57.7, 47.5, 51.6, 43.4, 27
80, 2010-03-22, 55.9, 60.4, 51.4, 64.1, 70.5, 57.7, 47.6, 51.7, 43.5, 26.7
81, 2010-03-23, 55.9, 60.4, 51.4, 64.2, 70.6, 57.8, 47.6, 51.7, 43.5, 26.5
82, 2010-03-24, 55.9, 60.4, 51.4, 64.3, 70.7, 57.9, 47.6, 51.7, 43.5, 26.3
83, 2010-03-25, 56, 60.4, 51.6, 64.3, 70.6, 58, 47.6, 51.7, 43.5, 26.1
84, 2010-03-26, 56, 60.4, 51.6, 64.4, 70.7, 58.1, 47.7, 51.8, 43.6, 25.8
85, 2010-03-27, 56.1, 60.5, 51.7, 64.5, 70.8, 58.2, 47.7, 51.7, 43.7, 25.6
86, 2010-03-28, 56.1, 60.4, 51.8, 64.5, 70.7, 58.3, 47.7, 51.7, 43.7, 25.5
87, 2010-03-29, 56.2, 60.5, 51.9, 64.6, 70.8, 58.4, 47.8, 51.8, 43.8, 25.3
88, 2010-03-30, 56.2, 60.4, 52, 64.7, 70.9, 58.5, 47.8, 51.8, 43.8, 25.1
89, 2010-03-31, 56.3, 60.5, 52.1, 64.7, 70.9, 58.5, 47.9, 51.8, 44, 24.9
90, 2010-04-01, 56.4, 60.6, 52.2, 64.8, 71, 58.6, 47.9, 51.8, 44, 24.8
91, 2010-04-02, 56.4, 60.6, 52.2, 64.9, 71.1, 58.7, 48, 51.9, 44.1, 24.7
92, 2010-04-03, 56.5, 60.7, 52.3, 65, 71.3, 58.7, 48, 51.9, 44.1, 24.6
93, 2010-04-04, 56.6, 60.9, 52.3, 65.1, 71.4, 58.8, 48.1, 52, 44.2, 24.5
94, 2010-04-05, 56.7, 61, 52.4, 65.1, 71.5, 58.7, 48.2, 52.1, 44.3, 24.4
95, 2010-04-06, 56.7, 61, 52.4, 65.2, 71.6, 58.8, 48.2, 52.1, 44.3, 24.4
96, 2010-04-07, 56.8, 61.2, 52.4, 65.3, 71.8, 58.8, 48.3, 52.2, 44.4, 24.4
97, 2010-04-08, 56.9, 61.3, 52.5, 65.4, 72, 58.8, 48.4, 52.3, 44.5, 24.3
98, 2010-04-09, 57, 61.5, 52.5, 65.5, 72.1, 58.9, 48.5, 52.4, 44.6, 24.2
99, 2010-04-10, 57.1, 61.6, 52.6, 65.6, 72.3, 58.9, 48.6, 52.5, 44.7, 23.9
100, 2010-04-11, 57.2, 61.7, 52.7, 65.7, 72.4, 59, 48.7, 52.6, 44.8, 23.7
101, 2010-04-12, 57.3, 61.9, 52.7, 65.8, 72.6, 59, 48.8, 52.7, 44.9, 23.5
102, 2010-04-13, 57.4, 62, 52.8, 65.9, 72.8, 59, 48.9, 52.8, 45, 23.2
103, 2010-04-14, 57.5, 62.1, 52.9, 66, 72.9, 59.1, 49, 52.9, 45.1, 23
104, 2010-04-15, 57.6, 62.3, 52.9, 66.1, 73.1, 59.1, 49.1, 52.9, 45.3, 22.7
105, 2010-04-16, 57.7, 62.4, 53, 66.2, 73.3, 59.1, 49.3, 53.1, 45.5, 22.4
106, 2010-04-17, 57.8, 62.5, 53.1, 66.3, 73.4, 59.2, 49.4, 53.2, 45.6, 22.1
107, 2010-04-18, 57.9, 62.6, 53.2, 66.4, 73.6, 59.2, 49.5, 53.3, 45.7, 21.8
108, 2010-04-19, 58, 62.7, 53.3, 66.4, 73.6, 59.2, 49.6, 53.4, 45.8, 21.4
109, 2010-04-20, 58.1, 62.8, 53.4, 66.5, 73.7, 59.3, 49.8, 53.6, 46, 21.1
110, 2010-04-21, 58.3, 63, 53.6, 66.6, 73.8, 59.4, 49.9, 53.6, 46.2, 20.7
111, 2010-04-22, 58.4, 63.1, 53.7, 66.7, 73.9, 59.5, 50, 53.7, 46.3, 20.3
112, 2010-04-23, 58.5, 63.2, 53.8, 66.8, 74.1, 59.5, 50.1, 53.8, 46.4, 19.9
113, 2010-04-24, 58.6, 63.4, 53.8, 66.9, 74.2, 59.6, 50.3, 54, 46.6, 19.5
114, 2010-04-25, 58.7, 63.5, 53.9, 67, 74.3, 59.7, 50.4, 54, 46.8, 19
115, 2010-04-26, 58.8, 63.6, 54, 67, 74.4, 59.6, 50.5, 54.1, 46.9, 18.6
116, 2010-04-27, 58.9, 63.7, 54.1, 67.1, 74.5, 59.7, 50.7, 54.3, 47.1, 18.2
117, 2010-04-28, 59, 63.8, 54.2, 67.2, 74.7, 59.7, 50.8, 54.4, 47.2, 17.8
118, 2010-04-29, 59.1, 63.9, 54.3, 67.3, 74.8, 59.8, 50.9, 54.5, 47.3, 17.4
119, 2010-04-30, 59.2, 64.1, 54.3, 67.3, 74.8, 59.8, 51, 54.5, 47.5, 16.9
120, 2010-05-01, 59.3, 64.2, 54.4, 67.4, 74.9, 59.9, 51.2, 54.7, 47.7, 16.5
121, 2010-05-02, 59.4, 64.3, 54.5, 67.5, 75, 60, 51.3, 54.8, 47.8, 16.1
122, 2010-05-03, 59.5, 64.4, 54.6, 67.5, 75, 60, 51.4, 54.9, 47.9, 15.6
123, 2010-05-04, 59.6, 64.4, 54.8, 67.6, 75.1, 60.1, 51.5, 55, 48, 15.1
124, 2010-05-05, 59.6, 64.4, 54.8, 67.7, 75.2, 60.2, 51.6, 55, 48.2, 14.6
125, 2010-05-06, 59.7, 64.5, 54.9, 67.7, 75.2, 60.2, 51.7, 55.1, 48.3, 14
126, 2010-05-07, 59.8, 64.6, 55, 67.8, 75.3, 60.3, 51.9, 55.3, 48.5, 13.4
127, 2010-05-08, 59.9, 64.7, 55.1, 67.8, 75.3, 60.3, 52, 55.4, 48.6, 12.9
128, 2010-05-09, 60, 64.8, 55.2, 67.9, 75.4, 60.4, 52.1, 55.4, 48.8, 12.4
129, 2010-05-10, 60.1, 64.9, 55.3, 68, 75.5, 60.5, 52.2, 55.5, 48.9, 11.9
130, 2010-05-11, 60.1, 64.9, 55.3, 68, 75.4, 60.6, 52.2, 55.5, 48.9, 11.5
131, 2010-05-12, 60.2, 64.9, 55.5, 68.1, 75.5, 60.7, 52.3, 55.6, 49, 11
132, 2010-05-13, 60.3, 65, 55.6, 68.2, 75.6, 60.8, 52.4, 55.7, 49.1, 10.6
133, 2010-05-14, 60.4, 65.1, 55.7, 68.2, 75.6, 60.8, 52.5, 55.7, 49.3, 10.2
134, 2010-05-15, 60.5, 65.2, 55.8, 68.3, 75.7, 60.9, 52.6, 55.8, 49.4, 9.8
135, 2010-05-16, 60.5, 65.2, 55.8, 68.4, 75.7, 61.1, 52.7, 55.9, 49.5, 9.5
136, 2010-05-17, 60.6, 65.3, 55.9, 68.5, 75.8, 61.2, 52.8, 56, 49.6, 9.2
137, 2010-05-18, 60.7, 65.3, 56.1, 68.5, 75.7, 61.3, 52.8, 56, 49.6, 8.8
138, 2010-05-19, 60.8, 65.4, 56.2, 68.6, 75.8, 61.4, 52.9, 56, 49.8, 8.5
139, 2010-05-20, 60.9, 65.5, 56.3, 68.7, 75.9, 61.5, 53, 56.1, 49.9, 8.2
140, 2010-05-21, 60.9, 65.5, 56.3, 68.8, 76, 61.6, 53.1, 56.2, 50, 7.9
141, 2010-05-22, 61, 65.6, 56.4, 68.9, 76.1, 61.7, 53.1, 56.2, 50, 7.6
142, 2010-05-23, 61.1, 65.7, 56.5, 69, 76.2, 61.8, 53.2, 56.3, 50.1, 7.3
143, 2010-05-24, 61.2, 65.8, 56.6, 69.1, 76.3, 61.9, 53.3, 56.4, 50.2, 7
144, 2010-05-25, 61.3, 65.8, 56.8, 69.2, 76.3, 62.1, 53.3, 56.3, 50.3, 6.7
145, 2010-05-26, 61.4, 65.9, 56.9, 69.3, 76.4, 62.2, 53.4, 56.4, 50.4, 6.4
146, 2010-05-27, 61.5, 66, 57, 69.5, 76.6, 62.4, 53.5, 56.5, 50.5, 6.1
147, 2010-05-28, 61.6, 66.1, 57.1, 69.6, 76.7, 62.5, 53.6, 56.6, 50.6, 5.8
148, 2010-05-29, 61.7, 66.2, 57.2, 69.7, 76.8, 62.6, 53.6, 56.6, 50.6, 5.6
149, 2010-05-30, 61.8, 66.3, 57.3, 69.8, 76.9, 62.7, 53.7, 56.7, 50.7, 5.3
150, 2010-05-31, 61.9, 66.4, 57.4, 70, 77.1, 62.9, 53.8, 56.8, 50.8, 5
151, 2010-06-01, 62, 66.5, 57.5, 70.1, 77.3, 62.9, 53.8, 56.7, 50.9, 4.8
152, 2010-06-02, 62.1, 66.6, 57.6, 70.2, 77.4, 63, 53.9, 56.8, 51, 4.6
153, 2010-06-03, 62.2, 66.7, 57.7, 70.4, 77.6, 63.2, 54, 56.9, 51.1, 4.4
154, 2010-06-04, 62.3, 66.8, 57.8, 70.5, 77.8, 63.2, 54.1, 57, 51.2, 4.3
155, 2010-06-05, 62.4, 66.9, 57.9, 70.7, 78, 63.4, 54.2, 57.1, 51.3, 4.1
156, 2010-06-06, 62.5, 67, 58, 70.8, 78.2, 63.4, 54.3, 57.2, 51.4, 4
157, 2010-06-07, 62.6, 67.2, 58, 70.9, 78.3, 63.5, 54.3, 57.2, 51.4, 3.8
158, 2010-06-08, 62.8, 67.4, 58.2, 71.1, 78.5, 63.7, 54.4, 57.3, 51.5, 3.7
159, 2010-06-09, 62.9, 67.5, 58.3, 71.2, 78.7, 63.7, 54.5, 57.4, 51.6, 3.6
160, 2010-06-10, 63, 67.6, 58.4, 71.4, 78.9, 63.9, 54.6, 57.5, 51.7, 3.4
161, 2010-06-11, 63.1, 67.7, 58.5, 71.5, 79, 64, 54.7, 57.5, 51.9, 3.2
162, 2010-06-12, 63.2, 67.8, 58.6, 71.6, 79.2, 64, 54.8, 57.6, 52, 3.1
163, 2010-06-13, 63.3, 67.9, 58.7, 71.8, 79.4, 64.2, 54.9, 57.7, 52.1, 2.9
164, 2010-06-14, 63.5, 68.2, 58.8, 71.9, 79.6, 64.2, 55, 57.8, 52.2, 2.7
165, 2010-06-15, 63.6, 68.3, 58.9, 72, 79.7, 64.3, 55.1, 57.9, 52.3, 2.6
166, 2010-06-16, 63.7, 68.4, 59, 72.1, 79.8, 64.4, 55.2, 58, 52.4, 2.4
167, 2010-06-17, 63.8, 68.5, 59.1, 72.3, 80.1, 64.5, 55.3, 58.1, 52.5, 2.3
168, 2010-06-18, 63.9, 68.6, 59.2, 72.4, 80.2, 64.6, 55.4, 58.1, 52.7, 2.2
169, 2010-06-19, 64, 68.7, 59.3, 72.5, 80.3, 64.7, 55.5, 58.2, 52.8, 2
170, 2010-06-20, 64.1, 68.8, 59.4, 72.6, 80.5, 64.7, 55.6, 58.3, 52.9, 1.9
171, 2010-06-21, 64.2, 68.9, 59.5, 72.6, 80.5, 64.7, 55.8, 58.5, 53.1, 1.8
172, 2010-06-22, 64.3, 69, 59.6, 72.7, 80.5, 64.9, 55.9, 58.5, 53.3, 1.7
173, 2010-06-23, 64.4, 69.1, 59.7, 72.8, 80.6, 65, 56, 58.6, 53.4, 1.6
174, 2010-06-24, 64.5, 69.2, 59.8, 72.9, 80.7, 65.1, 56.1, 58.7, 53.5, 1.5
175, 2010-06-25, 64.5, 69.2, 59.8, 72.9, 80.7, 65.1, 56.2, 58.8, 53.6, 1.5
176, 2010-06-26, 64.6, 69.3, 59.9, 73, 80.8, 65.2, 56.3, 58.8, 53.8, 1.4
177, 2010-06-27, 64.7, 69.3, 60.1, 73, 80.8, 65.2, 56.4, 58.9, 53.9, 1.3
178, 2010-06-28, 64.7, 69.3, 60.1, 73, 80.8, 65.2, 56.5, 59, 54, 1.2
179, 2010-06-29, 64.8, 69.4, 60.2, 73.1, 80.8, 65.4, 56.5, 58.9, 54.1, 1.2
180, 2010-06-30, 64.9, 69.5, 60.3, 73.1, 80.8, 65.4, 56.6, 59, 54.2, 1.1
181, 2010-07-01, 64.9, 69.4, 60.4, 73.1, 80.7, 65.5, 56.7, 59.1, 54.3, 1
182, 2010-07-02, 65, 69.5, 60.5, 73.1, 80.7, 65.5, 56.8, 59.2, 54.4, 1
183, 2010-07-03, 65, 69.5, 60.5, 73.1, 80.7, 65.5, 56.9, 59.3, 54.5, 0.9
184, 2010-07-04, 65, 69.5, 60.5, 73.1, 80.6, 65.6, 57, 59.4, 54.6, 0.9
185, 2010-07-05, 65.1, 69.6, 60.6, 73.1, 80.6, 65.6, 57, 59.4, 54.6, 0.8
186, 2010-07-06, 65.1, 69.5, 60.7, 73.1, 80.5, 65.7, 57.1, 59.5, 54.7, 0.8
187, 2010-07-07, 65.1, 69.5, 60.7, 73.1, 80.5, 65.7, 57.2, 59.6, 54.8, 0.8
188, 2010-07-08, 65.1, 69.5, 60.7, 73, 80.4, 65.6, 57.2, 59.6, 54.8, 0.7
189, 2010-07-09, 65.1, 69.5, 60.7, 73, 80.3, 65.7, 57.3, 59.7, 54.9, 0.7
190, 2010-07-10, 65.2, 69.6, 60.8, 73, 80.3, 65.7, 57.3, 59.7, 54.9, 0.7
191, 2010-07-11, 65.2, 69.6, 60.8, 73, 80.2, 65.8, 57.4, 59.8, 55, 0.7
192, 2010-07-12, 65.2, 69.5, 60.9, 72.9, 80.1, 65.7, 57.4, 59.8, 55, 0.7
193, 2010-07-13, 65.2, 69.5, 60.9, 72.9, 80, 65.8, 57.4, 59.8, 55, 0.6
194, 2010-07-14, 65.2, 69.5, 60.9, 72.9, 80, 65.8, 57.5, 59.9, 55.1, 0.6
195, 2010-07-15, 65.2, 69.5, 60.9, 72.9, 79.9, 65.9, 57.5, 59.9, 55.1, 0.6
196, 2010-07-16, 65.2, 69.4, 61, 72.9, 79.9, 65.9, 57.5, 59.8, 55.2, 0.5
197, 2010-07-17, 65.2, 69.4, 61, 72.8, 79.7, 65.9, 57.6, 59.9, 55.3, 0.5
198, 2010-07-18, 65.2, 69.3, 61.1, 72.8, 79.6, 66, 57.6, 59.9, 55.3, 0.5
199, 2010-07-19, 65.2, 69.3, 61.1, 72.8, 79.5, 66.1, 57.6, 59.9, 55.3, 0.5
200, 2010-07-20, 65.2, 69.3, 61.1, 72.8, 79.5, 66.1, 57.6, 59.9, 55.3, 0.5
201, 2010-07-21, 65.2, 69.2, 61.2, 72.9, 79.5, 66.3, 57.6, 59.9, 55.3, 0.5
202, 2010-07-22, 65.2, 69.2, 61.2, 72.9, 79.5, 66.3, 57.6, 59.9, 55.3, 0.5
203, 2010-07-23, 65.3, 69.3, 61.3, 72.9, 79.4, 66.4, 57.6, 59.9, 55.3, 0.4
204, 2010-07-24, 65.3, 69.3, 61.3, 72.9, 79.4, 66.4, 57.6, 59.9, 55.3, 0.4
205, 2010-07-25, 65.3, 69.2, 61.4, 73, 79.4, 66.6, 57.6, 59.9, 55.3, 0.4
206, 2010-07-26, 65.3, 69.2, 61.4, 73, 79.4, 66.6, 57.6, 59.9, 55.3, 0.4
207, 2010-07-27, 65.3, 69.2, 61.4, 73.1, 79.4, 66.8, 57.6, 59.9, 55.3, 0.4
208, 2010-07-28, 65.4, 69.2, 61.6, 73.1, 79.4, 66.8, 57.6, 59.9, 55.3, 0.4
209, 2010-07-29, 65.4, 69.2, 61.6, 73.2, 79.4, 67, 57.6, 59.9, 55.3, 0.4
210, 2010-07-30, 65.5, 69.2, 61.8, 73.3, 79.4, 67.2, 57.6, 59.9, 55.3, 0.4
211, 2010-07-31, 65.5, 69.2, 61.8, 73.4, 79.5, 67.3, 57.6, 59.9, 55.3, 0.4
212, 2010-08-01, 65.5, 69.1, 61.9, 73.5, 79.5, 67.5, 57.6, 59.8, 55.4, 0.4
213, 2010-08-02, 65.6, 69.2, 62, 73.6, 79.6, 67.6, 57.6, 59.8, 55.4, 0.4
214, 2010-08-03, 65.6, 69.1, 62.1, 73.7, 79.6, 67.8, 57.6, 59.8, 55.4, 0.4
215, 2010-08-04, 65.7, 69.2, 62.2, 73.8, 79.6, 68, 57.6, 59.8, 55.4, 0.4
216, 2010-08-05, 65.8, 69.2, 62.4, 73.9, 79.7, 68.1, 57.6, 59.8, 55.4, 0.4
217, 2010-08-06, 65.8, 69.2, 62.4, 74, 79.8, 68.2, 57.6, 59.8, 55.4, 0.3
218, 2010-08-07, 65.9, 69.3, 62.5, 74.2, 79.9, 68.5, 57.6, 59.8, 55.4, 0.3
219, 2010-08-08, 66, 69.4, 62.6, 74.3, 80, 68.6, 57.6, 59.8, 55.4, 0.3
220, 2010-08-09, 66, 69.4, 62.6, 74.4, 80.2, 68.6, 57.6, 59.8, 55.4, 0.3
221, 2010-08-10, 66.1, 69.5, 62.7, 74.6, 80.4, 68.8, 57.6, 59.8, 55.4, 0.2
222, 2010-08-11, 66.2, 69.6, 62.8, 74.7, 80.5, 68.9, 57.7, 59.9, 55.5, 0.2
223, 2010-08-12, 66.3, 69.7, 62.9, 74.9, 80.8, 69, 57.7, 59.9, 55.5, 0.2
224, 2010-08-13, 66.3, 69.7, 62.9, 75, 80.9, 69.1, 57.7, 59.9, 55.5, 0.2
225, 2010-08-14, 66.4, 69.9, 62.9, 75.2, 81.2, 69.2, 57.7, 59.9, 55.5, 0.2
226, 2010-08-15, 66.5, 70, 63, 75.3, 81.4, 69.2, 57.7, 59.9, 55.5, 0.2
227, 2010-08-16, 66.6, 70.2, 63, 75.4, 81.6, 69.2, 57.7, 59.9, 55.5, 0.2
228, 2010-08-17, 66.6, 70.3, 62.9, 75.6, 81.9, 69.3, 57.7, 60, 55.4, 0.2
229, 2010-08-18, 66.7, 70.4, 63, 75.7, 82.1, 69.3, 57.7, 60, 55.4, 0.2
230, 2010-08-19, 66.8, 70.6, 63, 75.8, 82.3, 69.3, 57.7, 60, 55.4, 0.2
231, 2010-08-20, 66.8, 70.7, 62.9, 75.9, 82.5, 69.3, 57.7, 60, 55.4, 0.3
232, 2010-08-21, 66.9, 70.8, 63, 76.1, 82.8, 69.4, 57.7, 60.1, 55.3, 0.3
233, 2010-08-22, 67, 71, 63, 76.2, 83, 69.4, 57.8, 60.2, 55.4, 0.3
234, 2010-08-23, 67, 71, 63, 76.3, 83.2, 69.4, 57.8, 60.2, 55.4, 0.4
235, 2010-08-24, 67.1, 71.2, 63, 76.3, 83.2, 69.4, 57.8, 60.2, 55.4, 0.4
236, 2010-08-25, 67.1, 71.2, 63, 76.4, 83.4, 69.4, 57.8, 60.3, 55.3, 0.5
237, 2010-08-26, 67.1, 71.3, 62.9, 76.5, 83.6, 69.4, 57.8, 60.3, 55.3, 0.6
238, 2010-08-27, 67.2, 71.5, 62.9, 76.6, 83.8, 69.4, 57.8, 60.3, 55.3, 0.7
239, 2010-08-28, 67.2, 71.5, 62.9, 76.6, 83.8, 69.4, 57.8, 60.4, 55.2, 0.8
240, 2010-08-29, 67.2, 71.6, 62.8, 76.7, 84, 69.4, 57.8, 60.4, 55.2, 0.9
241, 2010-08-30, 67.2, 71.6, 62.8, 76.7, 84.1, 69.3, 57.8, 60.4, 55.2, 1
242, 2010-08-31, 67.2, 71.7, 62.7, 76.7, 84.1, 69.3, 57.8, 60.4, 55.2, 1.1
243, 2010-09-01, 67.2, 71.7, 62.7, 76.7, 84.2, 69.2, 57.8, 60.5, 55.1, 1.2
244, 2010-09-02, 67.2, 71.8, 62.6, 76.7, 84.3, 69.1, 57.8, 60.5, 55.1, 1.3
245, 2010-09-03, 67.2, 71.8, 62.6, 76.7, 84.3, 69.1, 57.7, 60.4, 55, 1.4
246, 2010-09-04, 67.2, 71.9, 62.5, 76.7, 84.4, 69, 57.7, 60.4, 55, 1.5
247, 2010-09-05, 67.2, 71.9, 62.5, 76.6, 84.4, 68.8, 57.7, 60.5, 54.9, 1.6
248, 2010-09-06, 67.1, 71.8, 62.4, 76.6, 84.4, 68.8, 57.7, 60.5, 54.9, 1.7
249, 2010-09-07, 67.1, 71.8, 62.4, 76.5, 84.3, 68.7, 57.6, 60.4, 54.8, 1.9
250, 2010-09-08, 67, 71.8, 62.2, 76.5, 84.4, 68.6, 57.6, 60.4, 54.8, 2
251, 2010-09-09, 67, 71.8, 62.2, 76.4, 84.3, 68.5, 57.6, 60.4, 54.8, 2.2
252, 2010-09-10, 66.9, 71.7, 62.1, 76.3, 84.3, 68.3, 57.5, 60.4, 54.6, 2.3
253, 2010-09-11, 66.9, 71.7, 62.1, 76.2, 84.2, 68.2, 57.5, 60.4, 54.6, 2.5
254, 2010-09-12, 66.8, 71.6, 62, 76.1, 84.1, 68.1, 57.4, 60.3, 54.5, 2.7
255, 2010-09-13, 66.7, 71.5, 61.9, 76, 84, 68, 57.4, 60.3, 54.5, 2.9
256, 2010-09-14, 66.6, 71.4, 61.8, 75.9, 83.9, 67.9, 57.3, 60.2, 54.4, 3
257, 2010-09-15, 66.5, 71.2, 61.8, 75.8, 83.7, 67.9, 57.3, 60.2, 54.4, 3.2
258, 2010-09-16, 66.5, 71.2, 61.8, 75.7, 83.6, 67.8, 57.2, 60.1, 54.3, 3.4
259, 2010-09-17, 66.4, 71.1, 61.7, 75.6, 83.5, 67.7, 57.1, 60, 54.2, 3.6
260, 2010-09-18, 66.3, 71, 61.6, 75.5, 83.4, 67.6, 57.1, 60, 54.2, 3.8
261, 2010-09-19, 66.2, 70.9, 61.5, 75.3, 83.1, 67.5, 57, 60, 54, 4
262, 2010-09-20, 66.1, 70.7, 61.5, 75.2, 83, 67.4, 56.9, 59.9, 53.9, 4.2
263, 2010-09-21, 66, 70.6, 61.4, 75.1, 82.9, 67.3, 56.8, 59.8, 53.8, 4.4
264, 2010-09-22, 65.8, 70.4, 61.2, 74.9, 82.6, 67.2, 56.7, 59.7, 53.7, 4.7
265, 2010-09-23, 65.7, 70.3, 61.1, 74.8, 82.5, 67.1, 56.7, 59.7, 53.7, 4.8
266, 2010-09-24, 65.6, 70.2, 61, 74.7, 82.4, 67, 56.6, 59.7, 53.5, 5
267, 2010-09-25, 65.5, 70.1, 60.9, 74.5, 82.1, 66.9, 56.5, 59.6, 53.4, 5.2
268, 2010-09-26, 65.4, 69.9, 60.9, 74.4, 82, 66.8, 56.4, 59.5, 53.3, 5.3
269, 2010-09-27, 65.3, 69.8, 60.8, 74.3, 81.9, 66.7, 56.3, 59.4, 53.2, 5.5
270, 2010-09-28, 65.1, 69.6, 60.6, 74.1, 81.7, 66.5, 56.2, 59.3, 53.1, 5.7
271, 2010-09-29, 65, 69.5, 60.5, 74, 81.5, 66.5, 56, 59.1, 52.9, 5.9
272, 2010-09-30, 64.9, 69.4, 60.4, 73.9, 81.4, 66.4, 55.9, 59.1, 52.7, 6.2
273, 2010-10-01, 64.8, 69.2, 60.4, 73.8, 81.3, 66.3, 55.8, 59, 52.6, 6.5
274, 2010-10-02, 64.7, 69.1, 60.3, 73.6, 81.1, 66.1, 55.7, 58.9, 52.5, 6.8
275, 2010-10-03, 64.5, 68.9, 60.1, 73.5, 81, 66, 55.6, 58.8, 52.4, 7.1
276, 2010-10-04, 64.4, 68.8, 60, 73.4, 80.9, 65.9, 55.5, 58.7, 52.3, 7.5
277, 2010-10-05, 64.3, 68.7, 59.9, 73.2, 80.7, 65.7, 55.3, 58.5, 52.1, 7.8
278, 2010-10-06, 64.2, 68.6, 59.8, 73.1, 80.6, 65.6, 55.2, 58.4, 52, 8.2
279, 2010-10-07, 64, 68.4, 59.6, 73, 80.4, 65.6, 55.1, 58.3, 51.9, 8.5
280, 2010-10-08, 63.9, 68.2, 59.6, 72.9, 80.3, 65.5, 54.9, 58.1, 51.7, 8.9
281, 2010-10-09, 63.8, 68.1, 59.5, 72.7, 80, 65.4, 54.8, 58, 51.6, 9.3
282, 2010-10-10, 63.6, 67.8, 59.4, 72.6, 79.9, 65.3, 54.6, 57.8, 51.4, 9.7
283, 2010-10-11, 63.5, 67.7, 59.3, 72.4, 79.6, 65.2, 54.5, 57.7, 51.3, 10.1
284, 2010-10-12, 63.3, 67.5, 59.1, 72.3, 79.5, 65.1, 54.4, 57.6, 51.2, 10.6
285, 2010-10-13, 63.2, 67.4, 59, 72.2, 79.3, 65.1, 54.2, 57.4, 51, 11
286, 2010-10-14, 63, 67.2, 58.8, 72, 79.1, 64.9, 54.1, 57.3, 50.9, 11.6
287, 2010-10-15, 62.9, 67.1, 58.7, 71.9, 79, 64.8, 53.9, 57.2, 50.6, 12.1
288, 2010-10-16, 62.7, 66.9, 58.5, 71.7, 78.7, 64.7, 53.7, 57, 50.4, 12.6
289, 2010-10-17, 62.6, 66.8, 58.4, 71.6, 78.6, 64.6, 53.6, 56.9, 50.3, 13.1
290, 2010-10-18, 62.4, 66.6, 58.2, 71.4, 78.3, 64.5, 53.4, 56.7, 50.1, 13.6
291, 2010-10-19, 62.2, 66.3, 58.1, 71.2, 78.1, 64.3, 53.2, 56.5, 49.9, 14.1
292, 2010-10-20, 62, 66.1, 57.9, 71, 77.8, 64.2, 53.1, 56.5, 49.7, 14.5
293, 2010-10-21, 61.9, 66, 57.8, 70.8, 77.5, 64.1, 52.9, 56.3, 49.5, 15
294, 2010-10-22, 61.7, 65.8, 57.6, 70.6, 77.3, 63.9, 52.7, 56.1, 49.3, 15.5
295, 2010-10-23, 61.5, 65.6, 57.4, 70.4, 77, 63.8, 52.5, 55.9, 49.1, 16
296, 2010-10-24, 61.3, 65.4, 57.2, 70.2, 76.8, 63.6, 52.3, 55.8, 48.8, 16.5
297, 2010-10-25, 61.1, 65.2, 57, 70, 76.5, 63.5, 52.1, 55.6, 48.6, 17
298, 2010-10-26, 60.9, 65, 56.8, 69.8, 76.3, 63.3, 51.9, 55.4, 48.4, 17.5
299, 2010-10-27, 60.6, 64.7, 56.5, 69.5, 75.9, 63.1, 51.7, 55.2, 48.2, 17.9
300, 2010-10-28, 60.4, 64.5, 56.3, 69.3, 75.6, 63, 51.5, 55.1, 47.9, 18.4
301, 2010-10-29, 60.2, 64.3, 56.1, 69, 75.3, 62.7, 51.3, 54.9, 47.7, 18.8
302, 2010-10-30, 59.9, 64, 55.8, 68.8, 75, 62.6, 51.1, 54.7, 47.5, 19.2
303, 2010-10-31, 59.7, 63.8, 55.6, 68.5, 74.6, 62.4, 50.9, 54.6, 47.2, 19.6
304, 2010-11-01, 59.5, 63.6, 55.4, 68.2, 74.2, 62.2, 50.7, 54.4, 47, 19.9
305, 2010-11-02, 59.2, 63.3, 55.1, 67.9, 73.9, 61.9, 50.5, 54.3, 46.7, 20.2
306, 2010-11-03, 58.9, 62.9, 54.9, 67.6, 73.5, 61.7, 50.2, 54, 46.4, 20.5
307, 2010-11-04, 58.7, 62.7, 54.7, 67.3, 73.1, 61.5, 50, 53.9, 46.1, 20.7
308, 2010-11-05, 58.4, 62.4, 54.4, 67, 72.7, 61.3, 49.8, 53.8, 45.8, 20.9
309, 2010-11-06, 58.1, 62.1, 54.1, 66.7, 72.4, 61, 49.6, 53.6, 45.6, 21.2
310, 2010-11-07, 57.9, 62, 53.8, 66.4, 72, 60.8, 49.3, 53.4, 45.2, 21.4
311, 2010-11-08, 57.6, 61.7, 53.5, 66, 71.6, 60.4, 49.1, 53.2, 45, 21.7
312, 2010-11-09, 57.3, 61.4, 53.2, 65.7, 71.2, 60.2, 48.9, 53.1, 44.7, 21.9
313, 2010-11-10, 57, 61, 53, 65.4, 70.8, 60, 48.6, 52.8, 44.4, 22
314, 2010-11-11, 56.7, 60.7, 52.7, 65, 70.3, 59.7, 48.4, 52.7, 44.1, 22.1
315, 2010-11-12, 56.4, 60.4, 52.4, 64.7, 70, 59.4, 48.2, 52.5, 43.9, 22.2
316, 2010-11-13, 56.1, 60.1, 52.1, 64.4, 69.6, 59.2, 47.9, 52.3, 43.5, 22.3
317, 2010-11-14, 55.9, 59.9, 51.9, 64, 69.1, 58.9, 47.7, 52.1, 43.3, 22.3
318, 2010-11-15, 55.6, 59.6, 51.6, 63.7, 68.8, 58.6, 47.5, 51.9, 43.1, 22.5
319, 2010-11-16, 55.3, 59.3, 51.3, 63.3, 68.3, 58.3, 47.2, 51.7, 42.7, 22.6
320, 2010-11-17, 55, 59, 51, 63, 68, 58, 47, 51.5, 42.5, 22.8
321, 2010-11-18, 54.7, 58.7, 50.7, 62.7, 67.6, 57.8, 46.8, 51.4, 42.2, 23
322, 2010-11-19, 54.4, 58.4, 50.4, 62.4, 67.3, 57.5, 46.5, 51.1, 41.9, 23.3
323, 2010-11-20, 54.2, 58.2, 50.2, 62, 66.9, 57.1, 46.3, 50.9, 41.7, 23.7
324, 2010-11-21, 53.9, 57.9, 49.9, 61.7, 66.5, 56.9, 46.1, 50.8, 41.4, 24
325, 2010-11-22, 53.6, 57.6, 49.6, 61.4, 66.2, 56.6, 45.9, 50.6, 41.2, 24.4
326, 2010-11-23, 53.4, 57.4, 49.4, 61.1, 65.8, 56.4, 45.7, 50.4, 41, 24.7
327, 2010-11-24, 53.1, 57.1, 49.1, 60.8, 65.5, 56.1, 45.5, 50.3, 40.7, 25.2
328, 2010-11-25, 52.9, 56.9, 48.9, 60.6, 65.2, 56, 45.3, 50.1, 40.5, 25.6
329, 2010-11-26, 52.7, 56.7, 48.7, 60.3, 64.9, 55.7, 45.1, 49.9, 40.3, 26.1
330, 2010-11-27, 52.4, 56.4, 48.4, 60, 64.6, 55.4, 44.9, 49.8, 40, 26.5
331, 2010-11-28, 52.2, 56.2, 48.2, 59.8, 64.3, 55.3, 44.7, 49.6, 39.8, 27
332, 2010-11-29, 52, 56, 48, 59.5, 64, 55, 44.5, 49.4, 39.6, 27.5
333, 2010-11-30, 51.8, 55.8, 47.8, 59.3, 63.8, 54.8, 44.3, 49.3, 39.3, 28.1
334, 2010-12-01, 51.6, 55.6, 47.6, 59.1, 63.6, 54.6, 44.1, 49.1, 39.1, 28.7
335, 2010-12-02, 51.4, 55.4, 47.4, 58.9, 63.3, 54.5, 44, 49, 39, 29.4
336, 2010-12-03, 51.3, 55.3, 47.3, 58.7, 63.1, 54.3, 43.8, 48.8, 38.8, 30.1
337, 2010-12-04, 51.1, 55.1, 47.1, 58.5, 62.9, 54.1, 43.7, 48.8, 38.6, 30.8
338, 2010-12-05, 50.9, 54.9, 46.9, 58.4, 62.8, 54, 43.5, 48.6, 38.4, 31.5
339, 2010-12-06, 50.8, 54.9, 46.7, 58.2, 62.6, 53.8, 43.4, 48.6, 38.2, 32.3
340, 2010-12-07, 50.7, 54.8, 46.6, 58.1, 62.5, 53.7, 43.2, 48.4, 38, 32.9
341, 2010-12-08, 50.5, 54.6, 46.4, 57.9, 62.3, 53.5, 43.1, 48.3, 37.9, 33.6
342, 2010-12-09, 50.4, 54.5, 46.3, 57.8, 62.2, 53.4, 43, 48.3, 37.7, 34.3
343, 2010-12-10, 50.3, 54.5, 46.1, 57.7, 62.1, 53.3, 42.9, 48.2, 37.6, 35.1
344, 2010-12-11, 50.2, 54.4, 46, 57.6, 62, 53.2, 42.8, 48.1, 37.5, 35.8
345, 2010-12-12, 50.1, 54.3, 45.9, 57.5, 61.9, 53.1, 42.7, 48.1, 37.3, 36.5
346, 2010-12-13, 50, 54.3, 45.7, 57.4, 61.8, 53, 42.6, 48, 37.2, 37.3
347, 2010-12-14, 49.9, 54.2, 45.6, 57.3, 61.7, 52.9, 42.5, 47.9, 37.1, 38
348, 2010-12-15, 49.9, 54.2, 45.6, 57.3, 61.7, 52.9, 42.4, 47.9, 36.9, 38.6
349, 2010-12-16, 49.8, 54.1, 45.5, 57.2, 61.6, 52.8, 42.4, 47.9, 36.9, 39.3
350, 2010-12-17, 49.7, 54, 45.4, 57.2, 61.6, 52.8, 42.3, 47.8, 36.8, 39.8
351, 2010-12-18, 49.7, 54, 45.4, 57.1, 61.5, 52.7, 42.2, 47.7, 36.7, 40.3
352, 2010-12-19, 49.6, 53.9, 45.3, 57.1, 61.5, 52.7, 42.2, 47.7, 36.7, 40.7
353, 2010-12-20, 49.6, 53.9, 45.3, 57.1, 61.5, 52.7, 42.1, 47.6, 36.6, 41
354, 2010-12-21, 49.6, 53.9, 45.3, 57, 61.4, 52.6, 42.1, 47.6, 36.6, 41.2
355, 2010-12-22, 49.5, 53.8, 45.2, 57, 61.4, 52.6, 42.1, 47.6, 36.6, 41.3
356, 2010-12-23, 49.5, 53.8, 45.2, 57, 61.4, 52.6, 42, 47.5, 36.5, 41.3
357, 2010-12-24, 49.5, 53.8, 45.2, 57, 61.4, 52.6, 42, 47.5, 36.5, 41.4
358, 2010-12-25, 49.5, 53.8, 45.2, 57, 61.5, 52.5, 42, 47.5, 36.5, 41.5
359, 2010-12-26, 49.4, 53.7, 45.1, 56.9, 61.4, 52.4, 41.9, 47.4, 36.4, 41.6
360, 2010-12-27, 49.4, 53.7, 45.1, 56.9, 61.4, 52.4, 41.9, 47.4, 36.4, 41.6
361, 2010-12-28, 49.4, 53.7, 45.1, 56.9, 61.4, 52.4, 41.9, 47.4, 36.4, 41.6
362, 2010-12-29, 49.4, 53.7, 45.1, 56.9, 61.4, 52.4, 41.9, 47.4, 36.4, 41.5
363, 2010-12-30, 49.4, 53.7, 45.1, 56.9, 61.4, 52.4, 41.9, 47.4, 36.4, 41.3
364, 2010-12-31, 49.4, 53.6, 45.2, 56.9, 61.4, 52.4, 41.9, 47.3, 36.5, 41.2
