day, date, avg, avgh, avgl, hi, hih, hil, lo, loh, lol, precip
0, 2010-01-01, 47.2, 51.7, 42.7, 53.8, 59, 48.6, 40.6, 46.6, 34.6, 37.1
1, 2010-01-02, 47.2, 51.7, 42.7, 53.8, 59, 48.6, 40.6, 46.6, 34.6, 37.1
2, 2010-01-03, 47.2, 51.7, 42.7, 53.8, 59, 48.6, 40.6, 46.6, 34.6, 37
3, 2010-01-04, 47.3, 51.8, 42.8, 53.9, 59, 48.8, 40.6, 46.5, 34.7, 37
4, 2010-01-05, 47.3, 51.8, 42.8, 53.9, 59, 48.8, 40.7, 46.6, 34.8, 36.9
5, 2010-01-06, 47.3, 51.8, 42.8, 54, 59.1, 48.9, 40.7, 46.6, 34.8, 36.8
6, 2010-01-07, 47.4, 51.9, 42.9, 54, 59.1, 48.9, 40.7, 46.6, 34.8, 36.8
7, 2010-01-08, 47.4, 51.9, 42.9, 54.1, 59.2, 49, 40.8, 46.7, 34.9, 36.7
8, 2010-01-09, 47.5, 52, 43, 54.1, 59.2, 49, 40.8, 46.6, 35, 36.7
9, 2010-01-10, 47.5, 51.9, 43.1, 54.2, 59.3, 49.1, 40.9, 46.7, 35.1, 36.6
10, 2010-01-11, 47.6, 52, 43.2, 54.3, 59.4, 49.2, 40.9, 46.7, 35.1, 36.5
11, 2010-01-12, 47.7, 52.1, 43.3, 54.4, 59.5, 49.3, 41, 46.7, 35.3, 36.5
12, 2010-01-13, 47.7, 52, 43.4, 54.5, 59.5, 49.5, 41, 46.7, 35.3, 36.5
13, 2010-01-14, 47.8, 52.1, 43.5, 54.6, 59.6, 49.6, 41.1, 46.8, 35.4, 36.5
14, 2010-01-15, 47.9, 52.2, 43.6, 54.7, 59.7, 49.7, 41.2, 46.9, 35.5, 36.5
15, 2010-01-16, 48, 52.3, 43.7, 54.8, 59.8, 49.8, 41.2, 46.9, 35.5, 36.6
16, 2010-01-17, 48.1, 52.4, 43.8, 54.9, 59.9, 49.9, 41.3, 47, 35.6, 36.6
17, 2010-01-18, 48.2, 52.5, 43.9, 55, 60, 50, 41.4, 47.1, 35.7, 36.7
18, 2010-01-19, 48.3, 52.6, 44, 55.1, 60.1, 50.1, 41.4, 47.1, 35.7, 36.9
19, 2010-01-20, 48.4, 52.7, 44.1, 55.3, 60.3, 50.3, 41.5, 47.2, 35.8, 37
20, 2010-01-21, 48.5, 52.8, 44.2, 55.4, 60.4, 50.4, 41.6, 47.3, 35.9, 37.2
21, 2010-01-22, 48.6, 52.9, 44.3, 55.5, 60.5, 50.5, 41.6, 47.2, 36, 37.4
22, 2010-01-23, 48.7, 53, 44.4, 55.7, 60.7, 50.7, 41.7, 47.3, 36.1, 37.5
23, 2010-01-24, 48.8, 53.1, 44.5, 55.8, 60.8, 50.8, 41.8, 47.4, 36.2, 37.5
24, 2010-01-25, 48.9, 53.2, 44.6, 56, 61, 51, 41.9, 47.5, 36.3, 37.6
25, 2010-01-26, 49.1, 53.4, 44.8, 56.2, 61.3, 51.1, 41.9, 47.5, 36.3, 37.7
26, 2010-01-27, 49.2, 53.5, 44.9, 56.3, 61.4, 51.2, 42, 47.6, 36.4, 37.7
27, 2010-01-28, 49.3, 53.6, 45, 56.5, 61.6, 51.4, 42.1, 47.7, 36.5, 37.8
28, 2010-01-29, 49.4, 53.7, 45.1, 56.7, 61.8, 51.6, 42.2, 47.8, 36.6, 37.8
29, 2010-01-30, 49.6, 53.9, 45.3, 56.9, 62.1, 51.7, 42.2, 47.8, 36.6, 37.9
30, 2010-01-31, 49.7, 54, 45.4, 57.1, 62.3, 51.9, 42.3, 47.9, 36.7, 38
31, 2010-02-01, 49.8, 54.1, 45.5, 57.2, 62.4, 52, 42.4, 48, 36.8, 38.1
32, 2010-02-02, 50, 54.3, 45.7, 57.4, 62.7, 52.1, 42.5, 48.1, 36.9, 38.2
33, 2010-02-03, 50.1, 54.4, 45.8, 57.6, 62.9, 52.3, 42.5, 48.1, 36.9, 38.3
34, 2010-02-04, 50.2, 54.5, 45.9, 57.8, 63.1, 52.5, 42.6, 48.2, 37, 38.5
35, 2010-02-05, 50.4, 54.7, 46.1, 58, 63.4, 52.6, 42.7, 48.3, 37.1, 38.6
36, 2010-02-06, 50.5, 54.8, 46.2, 58.2, 63.6, 52.8, 42.7, 48.3, 37.1, 38.8
37, 2010-02-07, 50.6, 54.9, 46.3, 58.4, 63.8, 53, 42.8, 48.3, 37.3, 39
38, 2010-02-08, 50.8, 55.2, 46.4, 58.6, 64.1, 53.1, 42.9, 48.4, 37.4, 39.2
39, 2010-02-09, 50.9, 55.3, 46.5, 58.9, 64.4, 53.4, 42.9, 48.4, 37.4, 39.4
40, 2010-02-10, 51, 55.4, 46.6, 59.1, 64.7, 53.5, 43, 48.5, 37.5, 39.6
41, 2010-02-11, 51.2, 55.6, 46.8, 59.3, 64.9, 53.7, 43.1, 48.6, 37.6, 39.8
42, 2010-02-12, 51.3, 55.7, 46.9, 59.5, 65.1, 53.9, 43.1, 48.6, 37.6, 39.9
43, 2010-02-13, 51.4, 55.8, 47, 59.7, 65.4, 54, 43.2, 48.6, 37.8, 40.1
44, 2010-02-14, 51.5, 55.9, 47.1, 59.9, 65.6, 54.2, 43.2, 48.6, 37.8, 40.2
45, 2010-02-15, 51.7, 56.1, 47.3, 60.1, 65.9, 54.3, 43.3, 48.7, 37.9, 40.2
46, 2010-02-16, 51.8, 56.2, 47.4, 60.3, 66.1, 54.5, 43.3, 48.7, 37.9, 40.3
47, 2010-02-17, 51.9, 56.3, 47.5, 60.5, 66.4, 54.6, 43.4, 48.7, 38.1, 40.3
48, 2010-02-18, 52, 56.4, 47.6, 60.6, 66.5, 54.7, 43.4, 48.7, 38.1, 40.4
49, 2010-02-19, 52.2, 56.6, 47.8, 60.8, 66.8, 54.8, 43.5, 48.8, 38.2, 40.3
50, 2010-02-20, 52.3, 56.7, 47.9, 61, 67, 55, 43.5, 48.8, 38.2, 40.3
51, 2010-02-21, 52.4, 56.8, 48, 61.2, 67.2, 55.2, 43.6, 48.9, 38.3, 40.2
52, 2010-02-22, 52.5, 56.9, 48.1, 61.4, 67.5, 55.3, 43.6, 48.8, 38.4, 40.1
53, 2010-02-23, 52.6, 57, 48.2, 61.5, 67.6, 55.4, 43.6, 48.8, 38.4, 40
54, 2010-02-24, 52.7, 57.1, 48.3, 61.7, 67.9, 55.5, 43.7, 48.9, 38.5, 39.8
55, 2010-02-25, 52.8, 57.2, 48.4, 61.9, 68.1, 55.7, 43.7, 48.9, 38.5, 39.7
56, 2010-02-26, 52.9, 57.3, 48.5, 62, 68.3, 55.7, 43.8, 48.9, 38.7, 39.6
57, 2010-02-27, 53, 57.5, 48.5, 62.2, 68.5, 55.9, 43.8, 48.9, 38.7, 39.5
58, 2010-02-28, 53.1, 57.6, 48.6, 62.3, 68.7, 55.9, 43.8, 48.9, 38.7, 39.4
59, 2010-03-01, 53.2, 57.7, 48.7, 62.5, 69, 56, 43.9, 49, 38.8, 39
60, 2010-03-02, 53.3, 57.8, 48.8, 62.6, 69.1, 56.1, 43.9, 48.9, 38.9, 38.8
61, 2010-03-03, 53.4, 57.9, 48.9, 62.8, 69.4, 56.2, 44, 49, 39, 38.5
62, 2010-03-04, 53.4, 57.9, 48.9, 62.9, 69.5, 56.3, 44, 49, 39, 38.2
63, 2010-03-05, 53.5, 58, 49, 63, 69.7, 56.3, 44, 49, 39, 37.9
64, 2010-03-06, 53.6, 58.1, 49.1, 63.1, 69.8, 56.4, 44.1, 49.1, 39.1, 37.5
65, 2010-03-07, 53.7, 58.2, 49.2, 63.3, 70.1, 56.5, 44.1, 49, 39.2, 37
66, 2010-03-08, 53.7, 58.2, 49.2, 63.4, 70.2, 56.6, 44.1, 49, 39.2, 36.6
67, 2010-03-09, 53.8, 58.4, 49.2, 63.5, 70.3, 56.7, 44.2, 49.1, 39.3, 36.2
68, 2010-03-10, 53.9, 58.5, 49.3, 63.6, 70.5, 56.7, 44.2, 49, 39.4, 35.8
69, 2010-03-11, 54, 58.6, 49.4, 63.7, 70.6, 56.8, 44.2, 49, 39.4, 35.4
70, 2010-03-12, 54, 58.6, 49.4, 63.8, 70.7, 56.9, 44.2, 49, 39.4, 34.9
71, 2010-03-13, 54.1, 58.7, 49.5, 63.9, 70.9, 56.9, 44.3, 49.1, 39.5, 34.4
72, 2010-03-14, 54.2, 58.8, 49.6, 64, 71, 57, 44.3, 49, 39.6, 33.9
73, 2010-03-15, 54.2, 58.8, 49.6, 64.1, 71.1, 57.1, 44.3, 49, 39.6, 33.4
74, 2010-03-16, 54.3, 58.9, 49.7, 64.2, 71.3, 57.1, 44.4, 49.1, 39.7, 32.9
75, 2010-03-17, 54.4, 59, 49.8, 64.3, 71.4, 57.2, 44.4, 49.1, 39.7, 32.4
76, 2010-03-18, 54.4, 59.1, 49.7, 64.4, 71.6, 57.2, 44.5, 49.1, 39.9, 31.8
77, 2010-03-19, 54.5, 59.2, 49.8, 64.5, 71.7, 57.3, 44.5, 49.1, 39.9, 31.3
78, 2010-03-20, 54.6, 59.3, 49.9, 64.6, 71.8, 57.4, 44.5, 49.1, 39.9, 30.8
79, 2010-03-21, 54.6, 59.3, 49.9, 64.7, 72, 57.4, 44.6, 49.1, 40.1, 30.3
80, 2010-03-22, 54.7, 59.4, 50, 64.8, 72.1, 57.5, 44.6, 49.1, 40.1, 29.9
81, 2010-03-23, 54.8, 59.5, 50.1, 64.9, 72.3, 57.5, 44.6, 49.1, 40.1, 29.4
82, 2010-03-24, 54.9, 59.6, 50.2, 65, 72.4, 57.6, 44.7, 49.2, 40.2, 28.9
83, 2010-03-25, 54.9, 59.7, 50.1, 65.1, 72.5, 57.7, 44.7, 49.1, 40.3, 28.4
84, 2010-03-26, 55, 59.8, 50.2, 65.3, 72.8, 57.8, 44.8, 49.2, 40.4, 27.9
85, 2010-03-27, 55.1, 59.9, 50.3, 65.4, 72.9, 57.9, 44.8, 49.2, 40.4, 27.3
86, 2010-03-28, 55.2, 60, 50.4, 65.5, 73, 58, 44.8, 49.2, 40.4, 26.8
87, 2010-03-29, 55.3, 60.1, 50.5, 65.6, 73.1, 58.1, 44.9, 49.2, 40.6, 26.3
88, 2010-03-30, 55.3, 60.1, 50.5, 65.7, 73.2, 58.2, 44.9, 49.2, 40.6, 25.8
89, 2010-03-31, 55.4, 60.2, 50.6, 65.9, 73.5, 58.3, 45, 49.3, 40.7, 25.3
90, 2010-04-01, 55.5, 60.3, 50.7, 66, 73.6, 58.4, 45, 49.3, 40.7, 24.8
91, 2010-04-02, 55.6, 60.4, 50.8, 66.2, 73.8, 58.6, 45.1, 49.4, 40.8, 24.3
92, 2010-04-03, 55.7, 60.5, 50.9, 66.3, 73.9, 58.7, 45.1, 49.4, 40.8, 23.9
93, 2010-04-04, 55.8, 60.6, 51, 66.4, 74, 58.8, 45.2, 49.5, 40.9, 23.5
94, 2010-04-05, 55.9, 60.7, 51.1, 66.6, 74.3, 58.9, 45.2, 49.4, 41, 23.2
95, 2010-04-06, 56, 60.8, 51.2, 66.7, 74.4, 59, 45.3, 49.5, 41.1, 22.9
96, 2010-04-07, 56.1, 61, 51.2, 66.9, 74.6, 59.2, 45.4, 49.6, 41.2, 22.5
97, 2010-04-08, 56.2, 61.1, 51.3, 67.1, 74.9, 59.3, 45.4, 49.6, 41.2, 22.2
98, 2010-04-09, 56.4, 61.3, 51.5, 67.2, 75, 59.4, 45.5, 49.7, 41.3, 21.8
99, 2010-04-10, 56.5, 61.4, 51.6, 67.4, 75.2, 59.6, 45.5, 49.7, 41.3, 21.5
100, 2010-04-11, 56.6, 61.5, 51.7, 67.6, 75.5, 59.7, 45.6, 49.8, 41.4, 21.2
101, 2010-04-12, 56.7, 61.7, 51.7, 67.7, 75.6, 59.8, 45.7, 49.9, 41.5, 20.9
102, 2010-04-13, 56.8, 61.8, 51.8, 67.9, 75.9, 59.9, 45.7, 49.9, 41.5, 20.6
103, 2010-04-14, 57, 62, 52, 68.1, 76.1, 60.1, 45.8, 50, 41.6, 20.4
104, 2010-04-15, 57.1, 62.1, 52.1, 68.3, 76.3, 60.3, 45.9, 50.1, 41.7, 20.1
105, 2010-04-16, 57.2, 62.2, 52.2, 68.4, 76.5, 60.3, 46, 50.2, 41.8, 19.8
106, 2010-04-17, 57.3, 62.3, 52.3, 68.6, 76.7, 60.5, 46, 50.2, 41.8, 19.6
107, 2010-04-18, 57.5, 62.6, 52.4, 68.8, 77, 60.6, 46.1, 50.3, 41.9, 19.3
108, 2010-04-19, 57.6, 62.7, 52.5, 69, 77.2, 60.8, 46.2, 50.4, 42, 19
109, 2010-04-20, 57.7, 62.8, 52.6, 69.2, 77.4, 61, 46.3, 50.5, 42.1, 18.7
110, 2010-04-21, 57.9, 63, 52.8, 69.4, 77.6, 61.2, 46.4, 50.6, 42.2, 18.4
111, 2010-04-22, 58, 63.1, 52.9, 69.5, 77.8, 61.2, 46.5, 50.7, 42.3, 18.1
112, 2010-04-23, 58.1, 63.2, 53, 69.7, 78, 61.4, 46.5, 50.7, 42.3, 17.8
113, 2010-04-24, 58.3, 63.4, 53.2, 69.9, 78.2, 61.6, 46.6, 50.7, 42.5, 17.6
114, 2010-04-25, 58.4, 63.5, 53.3, 70.1, 78.4, 61.8, 46.7, 50.8, 42.6, 17.3
115, 2010-04-26, 58.5, 63.6, 53.4, 70.3, 78.6, 62, 46.8, 50.9, 42.7, 17
116, 2010-04-27, 58.7, 63.8, 53.6, 70.4, 78.7, 62.1, 46.9, 51, 42.8, 16.8
117, 2010-04-28, 58.8, 63.9, 53.7, 70.6, 78.9, 62.3, 47, 51.1, 42.9, 16.5
118, 2010-04-29, 59, 64.1, 53.9, 70.8, 79.1, 62.5, 47.1, 51.2, 43, 16.2
119, 2010-04-30, 59.1, 64.2, 54, 71, 79.3, 62.7, 47.2, 51.3, 43.1, 16
120, 2010-05-01, 59.2, 64.3, 54.1, 71.1, 79.4, 62.8, 47.3, 51.4, 43.2, 15.7
121, 2010-05-02, 59.4, 64.5, 54.3, 71.3, 79.6, 63, 47.4, 51.5, 43.3, 15.4
122, 2010-05-03, 59.5, 64.6, 54.4, 71.5, 79.8, 63.2, 47.5, 51.6, 43.4, 15.1
123, 2010-05-04, 59.6, 64.6, 54.6, 71.6, 79.9, 63.3, 47.6, 51.7, 43.5, 14.8
124, 2010-05-05, 59.8, 64.8, 54.8, 71.8, 80.1, 63.5, 47.8, 51.9, 43.7, 14.5
125, 2010-05-06, 59.9, 64.9, 54.9, 71.9, 80.2, 63.6, 47.9, 52, 43.8, 14.1
126, 2010-05-07, 60, 65, 55, 72.1, 80.4, 63.8, 48, 52.1, 43.9, 13.8
127, 2010-05-08, 60.2, 65.2, 55.2, 72.3, 80.6, 64, 48.1, 52.2, 44, 13.4
128, 2010-05-09, 60.3, 65.3, 55.3, 72.4, 80.7, 64.1, 48.2, 52.3, 44.1, 13
129, 2010-05-10, 60.4, 65.3, 55.5, 72.6, 80.9, 64.3, 48.3, 52.4, 44.2, 12.7
130, 2010-05-11, 60.6, 65.5, 55.7, 72.7, 80.9, 64.5, 48.4, 52.5, 44.3, 12.4
131, 2010-05-12, 60.7, 65.6, 55.8, 72.9, 81.1, 64.7, 48.5, 52.6, 44.4, 12
132, 2010-05-13, 60.8, 65.7, 55.9, 73, 81.2, 64.8, 48.7, 52.8, 44.6, 11.7
133, 2010-05-14, 61, 65.9, 56.1, 73.2, 81.4, 65, 48.8, 52.9, 44.7, 11.4
134, 2010-05-15, 61.1, 66, 56.2, 73.3, 81.4, 65.2, 48.9, 53, 44.8, 11.1
135, 2010-05-16, 61.2, 66.1, 56.3, 73.5, 81.6, 65.4, 49, 53.1, 44.9, 10.7
136, 2010-05-17, 61.4, 66.2, 56.6, 73.6, 81.7, 65.5, 49.1, 53.2, 45, 10.5
137, 2010-05-18, 61.5, 66.3, 56.7, 73.8, 81.8, 65.8, 49.2, 53.3, 45.1, 10.2
138, 2010-05-19, 61.6, 66.4, 56.8, 73.9, 81.9, 65.9, 49.3, 53.4, 45.2, 9.9
139, 2010-05-20, 61.8, 66.6, 57, 74.1, 82.1, 66.1, 49.5, 53.6, 45.4, 9.6
140, 2010-05-21, 61.9, 66.7, 57.1, 74.2, 82.2, 66.2, 49.6, 53.7, 45.5, 9.3
141, 2010-05-22, 62, 66.8, 57.2, 74.4, 82.4, 66.4, 49.7, 53.8, 45.6, 9
142, 2010-05-23, 62.2, 67, 57.4, 74.6, 82.6, 66.6, 49.8, 53.9, 45.7, 8.8
143, 2010-05-24, 62.3, 67.1, 57.5, 74.7, 82.7, 66.7, 49.9, 54, 45.8, 8.5
144, 2010-05-25, 62.5, 67.3, 57.7, 74.9, 82.8, 67, 50, 54.1, 45.9, 8.2
145, 2010-05-26, 62.6, 67.4, 57.8, 75.1, 83, 67.2, 50.1, 54.2, 46, 7.9
146, 2010-05-27, 62.7, 67.5, 57.9, 75.2, 83.1, 67.3, 50.2, 54.3, 46.1, 7.6
147, 2010-05-28, 62.9, 67.7, 58.1, 75.4, 83.3, 67.5, 50.4, 54.5, 46.3, 7.3
148, 2010-05-29, 63, 67.8, 58.2, 75.6, 83.5, 67.7, 50.5, 54.6, 46.4, 7
149, 2010-05-30, 63.2, 68, 58.4, 75.8, 83.8, 67.8, 50.6, 54.7, 46.5, 6.7
150, 2010-05-31, 63.3, 68.1, 58.5, 76, 84, 68, 50.7, 54.8, 46.6, 6.5
151, 2010-06-01, 63.5, 68.4, 58.6, 76.2, 84.2, 68.2, 50.8, 54.9, 46.7, 6.2
152, 2010-06-02, 63.6, 68.5, 58.7, 76.3, 84.3, 68.3, 50.9, 55, 46.8, 6
153, 2010-06-03, 63.8, 68.7, 58.9, 76.5, 84.5, 68.5, 51, 55.1, 46.9, 5.8
154, 2010-06-04, 63.9, 68.8, 59, 76.7, 84.8, 68.6, 51.1, 55.2, 47, 5.6
155, 2010-06-05, 64.1, 69.1, 59.1, 76.9, 85, 68.8, 51.2, 55.3, 47.1, 5.4
156, 2010-06-06, 64.2, 69.2, 59.2, 77.2, 85.3, 69.1, 51.2, 55.3, 47.1, 5.2
157, 2010-06-07, 64.3, 69.3, 59.3, 77.4, 85.6, 69.2, 51.3, 55.4, 47.2, 5
158, 2010-06-08, 64.5, 69.5, 59.5, 77.6, 85.8, 69.4, 51.4, 55.5, 47.3, 4.7
159, 2010-06-09, 64.6, 69.6, 59.6, 77.8, 86, 69.6, 51.5, 55.6, 47.4, 4.5
160, 2010-06-10, 64.8, 69.8, 59.8, 78, 86.2, 69.8, 51.6, 55.7, 47.5, 4.3
161, 2010-06-11, 64.9, 70, 59.8, 78.2, 86.5, 69.9, 51.7, 55.8, 47.6, 4.1
162, 2010-06-12, 65.1, 70.2, 60, 78.4, 86.7, 70.1, 51.7, 55.8, 47.6, 4
163, 2010-06-13, 65.2, 70.3, 60.1, 78.6, 86.9, 70.3, 51.8, 55.8, 47.8, 3.8
164, 2010-06-14, 65.4, 70.5, 60.3, 78.8, 87.1, 70.5, 51.9, 55.9, 47.9, 3.6
165, 2010-06-15, 65.5, 70.6, 60.4, 79.1, 87.5, 70.7, 52, 56, 48, 3.4
166, 2010-06-16, 65.6, 70.7, 60.5, 79.3, 87.7, 70.9, 52, 56, 48, 3.3
167, 2010-06-17, 65.8, 70.9, 60.7, 79.5, 87.9, 71.1, 52.1, 56, 48.2, 3.1
168, 2010-06-18, 65.9, 70.9, 60.9, 79.7, 88.1, 71.3, 52.2, 56.1, 48.3, 2.9
169, 2010-06-19, 66, 71, 61, 79.9, 88.3, 71.5, 52.2, 56.1, 48.3, 2.8
170, 2010-06-20, 66.2, 71.2, 61.2, 80.1, 88.5, 71.7, 52.3, 56.2, 48.4, 2.7
171, 2010-06-21, 66.3, 71.3, 61.3, 80.3, 88.7, 71.9, 52.3, 56.1, 48.5, 2.6
172, 2010-06-22, 66.4, 71.4, 61.4, 80.5, 88.8, 72.2, 52.4, 56.2, 48.6, 2.5
173, 2010-06-23, 66.5, 71.5, 61.5, 80.7, 89, 72.4, 52.4, 56.2, 48.6, 2.4
174, 2010-06-24, 66.7, 71.7, 61.7, 80.9, 89.2, 72.6, 52.5, 56.3, 48.7, 2.3
175, 2010-06-25, 66.8, 71.7, 61.9, 81, 89.3, 72.7, 52.5, 56.2, 48.8, 2.2
176, 2010-06-26, 66.9, 71.8, 62, 81.2, 89.4, 73, 52.6, 56.3, 48.9, 2.2
177, 2010-06-27, 67, 71.9, 62.1, 81.4, 89.6, 73.2, 52.6, 56.3, 48.9, 2.1
178, 2010-06-28, 67.1, 72, 62.2, 81.5, 89.6, 73.4, 52.6, 56.3, 48.9, 2.1
179, 2010-06-29, 67.2, 72.1, 62.3, 81.7, 89.8, 73.6, 52.7, 56.4, 49, 2
180, 2010-06-30, 67.3, 72.1, 62.5, 81.8, 89.8, 73.8, 52.7, 56.4, 49, 1.9
181, 2010-07-01, 67.3, 72.1, 62.5, 81.9, 89.9, 73.9, 52.7, 56.4, 49, 1.8
182, 2010-07-02, 67.4, 72.2, 62.6, 82.1, 90, 74.2, 52.8, 56.5, 49.1, 1.7
183, 2010-07-03, 67.5, 72.3, 62.7, 82.2, 90.1, 74.3, 52.8, 56.4, 49.2, 1.6
184, 2010-07-04, 67.6, 72.3, 62.9, 82.3, 90.1, 74.5, 52.8, 56.4, 49.2, 1.6
185, 2010-07-05, 67.6, 72.3, 62.9, 82.4, 90.2, 74.6, 52.8, 56.4, 49.2, 1.5
186, 2010-07-06, 67.7, 72.4, 63, 82.5, 90.2, 74.8, 52.9, 56.5, 49.3, 1.4
187, 2010-07-07, 67.7, 72.3, 63.1, 82.6, 90.2, 75, 52.9, 56.5, 49.3, 1.4
188, 2010-07-08, 67.8, 72.4, 63.2, 82.6, 90.1, 75.1, 52.9, 56.5, 49.3, 1.3
189, 2010-07-09, 67.8, 72.4, 63.2, 82.7, 90.2, 75.2, 52.9, 56.5, 49.3, 1.2
190, 2010-07-10, 67.9, 72.4, 63.4, 82.8, 90.2, 75.4, 52.9, 56.5, 49.3, 1.2
191, 2010-07-11, 67.9, 72.4, 63.4, 82.8, 90.1, 75.5, 53, 56.6, 49.4, 1.1
192, 2010-07-12, 67.9, 72.4, 63.4, 82.9, 90.1, 75.7, 53, 56.6, 49.4, 1.1
193, 2010-07-13, 67.9, 72.3, 63.5, 82.9, 90.1, 75.7, 53, 56.6, 49.4, 1
194, 2010-07-14, 68, 72.4, 63.6, 82.9, 90, 75.8, 53, 56.6, 49.4, 1
195, 2010-07-15, 68, 72.4, 63.6, 82.9, 90, 75.8, 53, 56.6, 49.4, 0.9
196, 2010-07-16, 68, 72.4, 63.6, 82.9, 89.9, 75.9, 53, 56.6, 49.4, 0.9
197, 2010-07-17, 68, 72.3, 63.7, 83, 90, 76, 53, 56.6, 49.4, 0.8
198, 2010-07-18, 68, 72.3, 63.7, 83, 89.9, 76.1, 53.1, 56.7, 49.5, 0.8
199, 2010-07-19, 68, 72.3, 63.7, 82.9, 89.8, 76, 53.1, 56.7, 49.5, 0.8
200, 2010-07-20, 68, 72.2, 63.8, 82.9, 89.7, 76.1, 53.1, 56.6, 49.6, 0.7
201, 2010-07-21, 68, 72.2, 63.8, 82.9, 89.7, 76.1, 53.1, 56.6, 49.6, 0.7
202, 2010-07-22, 68, 72.2, 63.8, 82.9, 89.7, 76.1, 53.1, 56.6, 49.6, 0.7
203, 2010-07-23, 68, 72.2, 63.8, 82.9, 89.7, 76.1, 53.1, 56.6, 49.6, 0.7
204, 2010-07-24, 68, 72.1, 63.9, 82.8, 89.6, 76, 53.1, 56.6, 49.6, 0.6
205, 2010-07-25, 68, 72.1, 63.9, 82.8, 89.6, 76, 53.1, 56.6, 49.6, 0.6
206, 2010-07-26, 67.9, 72, 63.8, 82.8, 89.6, 76, 53.1, 56.6, 49.6, 0.5
207, 2010-07-27, 67.9, 72, 63.8, 82.7, 89.5, 75.9, 53.1, 56.6, 49.6, 0.5
208, 2010-07-28, 67.9, 71.9, 63.9, 82.7, 89.4, 76, 53.1, 56.5, 49.7, 0.5
209, 2010-07-29, 67.9, 71.9, 63.9, 82.7, 89.4, 76, 53.1, 56.5, 49.7, 0.5
210, 2010-07-30, 67.9, 71.9, 63.9, 82.6, 89.3, 75.9, 53.1, 56.5, 49.7, 0.5
211, 2010-07-31, 67.9, 71.8, 64, 82.6, 89.3, 75.9, 53.1, 56.5, 49.7, 0.5
212, 2010-08-01, 67.8, 71.7, 63.9, 82.6, 89.3, 75.9, 53.1, 56.5, 49.7, 0.5
213, 2010-08-02, 67.8, 71.7, 63.9, 82.5, 89.2, 75.8, 53.1, 56.4, 49.8, 0.5
214, 2010-08-03, 67.8, 71.7, 63.9, 82.5, 89.1, 75.9, 53.1, 56.4, 49.8, 0.5
215, 2010-08-04, 67.8, 71.6, 64, 82.5, 89.1, 75.9, 53.2, 56.5, 49.9, 0.5
216, 2010-08-05, 67.8, 71.6, 64, 82.4, 89, 75.8, 53.2, 56.5, 49.9, 0.6
217, 2010-08-06, 67.8, 71.6, 64, 82.4, 89, 75.8, 53.2, 56.5, 49.9, 0.6
218, 2010-08-07, 67.8, 71.6, 64, 82.4, 89, 75.8, 53.2, 56.5, 49.9, 0.6
219, 2010-08-08, 67.7, 71.5, 63.9, 82.3, 88.9, 75.7, 53.2, 56.5, 49.9, 0.6
220, 2010-08-09, 67.7, 71.5, 63.9, 82.3, 88.9, 75.7, 53.2, 56.5, 49.9, 0.6
221, 2010-08-10, 67.7, 71.5, 63.9, 82.3, 88.9, 75.7, 53.2, 56.5, 49.9, 0.6
222, 2010-08-11, 67.7, 71.5, 63.9, 82.3, 88.9, 75.7, 53.2, 56.5, 49.9, 0.7
223, 2010-08-12, 67.7, 71.5, 63.9, 82.3, 88.9, 75.7, 53.2, 56.5, 49.9, 0.7
224, 2010-08-13, 67.7, 71.5, 63.9, 82.3, 88.9, 75.7, 53.2, 56.5, 49.9, 0.7
225, 2010-08-14, 67.7, 71.5, 63.9, 82.2, 88.8, 75.6, 53.1, 56.4, 49.8, 0.8
226, 2010-08-15, 67.7, 71.5, 63.9, 82.2, 88.8, 75.6, 53.1, 56.5, 49.7, 0.8
227, 2010-08-16, 67.7, 71.5, 63.9, 82.2, 88.8, 75.6, 53.1, 56.5, 49.7, 0.8
228, 2010-08-17, 67.7, 71.6, 63.8, 82.2, 88.9, 75.5, 53.1, 56.5, 49.7, 0.9
229, 2010-08-18, 67.7, 71.6, 63.8, 82.2, 88.9, 75.5, 53.1, 56.6, 49.6, 1
230, 2010-08-19, 67.7, 71.6, 63.8, 82.2, 88.9, 75.5, 53.1, 56.6, 49.6, 1
231, 2010-08-20, 67.7, 71.6, 63.8, 82.2, 88.9, 75.5, 53.1, 56.6, 49.6, 1.1
232, 2010-08-21, 67.7, 71.7, 63.7, 82.2, 88.9, 75.5, 53.1, 56.6, 49.6, 1.2
233, 2010-08-22, 67.7, 71.7, 63.7, 82.2, 88.9, 75.5, 53.1, 56.7, 49.5, 1.2
234, 2010-08-23, 67.7, 71.7, 63.7, 82.2, 88.9, 75.5, 53.1, 56.7, 49.5, 1.3
235, 2010-08-24, 67.7, 71.7, 63.7, 82.2, 88.9, 75.5, 53.1, 56.7, 49.5, 1.4
236, 2010-08-25, 67.6, 71.7, 63.5, 82.3, 89, 75.6, 53, 56.7, 49.3, 1.5
237, 2010-08-26, 67.6, 71.7, 63.5, 82.3, 89, 75.6, 53, 56.7, 49.3, 1.6
238, 2010-08-27, 67.6, 71.7, 63.5, 82.3, 89.1, 75.5, 53, 56.7, 49.3, 1.8
239, 2010-08-28, 67.6, 71.8, 63.4, 82.3, 89.1, 75.5, 53, 56.8, 49.2, 1.9
240, 2010-08-29, 67.6, 71.8, 63.4, 82.3, 89.1, 75.5, 53, 56.8, 49.2, 2
241, 2010-08-30, 67.6, 71.8, 63.4, 82.3, 89.2, 75.4, 52.9, 56.7, 49.1, 2.1
242, 2010-08-31, 67.6, 71.8, 63.4, 82.3, 89.2, 75.4, 52.9, 56.7, 49.1, 2.3
243, 2010-09-01, 67.6, 71.9, 63.3, 82.2, 89.1, 75.3, 52.9, 56.7, 49.1, 2.4
244, 2010-09-02, 67.5, 71.8, 63.2, 82.2, 89.2, 75.2, 52.9, 56.8, 49, 2.5
245, 2010-09-03, 67.5, 71.8, 63.2, 82.2, 89.2, 75.2, 52.8, 56.7, 48.9, 2.6
246, 2010-09-04, 67.5, 71.9, 63.1, 82.2, 89.2, 75.2, 52.8, 56.7, 48.9, 2.8
247, 2010-09-05, 67.5, 71.9, 63.1, 82.2, 89.3, 75.1, 52.8, 56.7, 48.9, 2.9
248, 2010-09-06, 67.4, 71.8, 63, 82.1, 89.2, 75, 52.7, 56.6, 48.8, 3
249, 2010-09-07, 67.4, 71.8, 63, 82.1, 89.3, 74.9, 52.7, 56.7, 48.7, 3.2
250, 2010-09-08, 67.3, 71.8, 62.8, 82.1, 89.3, 74.9, 52.6, 56.6, 48.6, 3.3
251, 2010-09-09, 67.3, 71.8, 62.8, 82, 89.3, 74.7, 52.6, 56.6, 48.6, 3.5
252, 2010-09-10, 67.2, 71.7, 62.7, 81.9, 89.2, 74.6, 52.6, 56.6, 48.6, 3.6
253, 2010-09-11, 67.2, 71.7, 62.7, 81.9, 89.3, 74.5, 52.5, 56.5, 48.5, 3.8
254, 2010-09-12, 67.1, 71.7, 62.5, 81.8, 89.2, 74.4, 52.5, 56.5, 48.5, 3.9
255, 2010-09-13, 67.1, 71.7, 62.5, 81.7, 89.2, 74.2, 52.4, 56.4, 48.4, 4.1
256, 2010-09-14, 67, 71.6, 62.4, 81.6, 89.1, 74.1, 52.4, 56.4, 48.4, 4.3
257, 2010-09-15, 66.9, 71.5, 62.3, 81.6, 89.1, 74.1, 52.3, 56.3, 48.3, 4.4
258, 2010-09-16, 66.8, 71.4, 62.2, 81.4, 89, 73.8, 52.2, 56.2, 48.2, 4.6
259, 2010-09-17, 66.8, 71.4, 62.2, 81.3, 88.9, 73.7, 52.2, 56.2, 48.2, 4.7
260, 2010-09-18, 66.7, 71.3, 62.1, 81.2, 88.9, 73.5, 52.1, 56.1, 48.1, 4.8
261, 2010-09-19, 66.6, 71.3, 61.9, 81.1, 88.8, 73.4, 52.1, 56.1, 48.1, 5
262, 2010-09-20, 66.5, 71.2, 61.8, 81, 88.8, 73.2, 52, 55.9, 48.1, 5.1
263, 2010-09-21, 66.4, 71.1, 61.7, 80.8, 88.6, 73, 51.9, 55.8, 48, 5.3
264, 2010-09-22, 66.3, 71, 61.6, 80.7, 88.6, 72.8, 51.9, 55.8, 48, 5.4
265, 2010-09-23, 66.1, 70.8, 61.4, 80.5, 88.4, 72.6, 51.8, 55.7, 47.9, 5.5
266, 2010-09-24, 66, 70.8, 61.2, 80.3, 88.2, 72.4, 51.7, 55.6, 47.8, 5.7
267, 2010-09-25, 65.9, 70.7, 61.1, 80.1, 88.1, 72.1, 51.6, 55.5, 47.7, 5.9
268, 2010-09-26, 65.8, 70.6, 61, 80, 88, 72, 51.6, 55.6, 47.6, 6
269, 2010-09-27, 65.6, 70.4, 60.8, 79.8, 87.8, 71.8, 51.5, 55.5, 47.5, 6.2
270, 2010-09-28, 65.5, 70.3, 60.7, 79.5, 87.6, 71.4, 51.4, 55.4, 47.4, 6.4
271, 2010-09-29, 65.3, 70.2, 60.4, 79.3, 87.4, 71.2, 51.3, 55.3, 47.3, 6.6
272, 2010-09-30, 65.2, 70.1, 60.3, 79.1, 87.2, 71, 51.3, 55.3, 47.3, 6.8
273, 2010-10-01, 65, 69.9, 60.1, 78.9, 87, 70.8, 51.2, 55.2, 47.2, 7
274, 2010-10-02, 64.9, 69.8, 60, 78.6, 86.7, 70.5, 51.1, 55.2, 47, 7.3
275, 2010-10-03, 64.7, 69.6, 59.8, 78.4, 86.5, 70.3, 51, 55.1, 46.9, 7.5
276, 2010-10-04, 64.5, 69.4, 59.6, 78.1, 86.2, 70, 50.9, 55, 46.8, 7.8
277, 2010-10-05, 64.3, 69.2, 59.4, 77.8, 85.9, 69.7, 50.8, 54.9, 46.7, 8.1
278, 2010-10-06, 64.1, 69, 59.2, 77.6, 85.7, 69.5, 50.7, 54.8, 46.6, 8.4
279, 2010-10-07, 63.9, 68.8, 59, 77.3, 85.4, 69.2, 50.6, 54.8, 46.4, 8.6
280, 2010-10-08, 63.8, 68.6, 59, 77, 85, 69, 50.5, 54.7, 46.3, 8.9
281, 2010-10-09, 63.6, 68.4, 58.8, 76.7, 84.7, 68.7, 50.4, 54.6, 46.2, 9.2
282, 2010-10-10, 63.3, 68.1, 58.5, 76.4, 84.3, 68.5, 50.3, 54.5, 46.1, 9.6
283, 2010-10-11, 63.1, 67.9, 58.3, 76, 83.9, 68.1, 50.2, 54.5, 45.9, 9.9
284, 2010-10-12, 62.9, 67.7, 58.1, 75.7, 83.5, 67.9, 50.1, 54.4, 45.8, 10.2
285, 2010-10-13, 62.7, 67.4, 58, 75.4, 83.2, 67.6, 50, 54.3, 45.7, 10.6
286, 2010-10-14, 62.5, 67.2, 57.8, 75.1, 82.8, 67.4, 49.9, 54.2, 45.6, 11
287, 2010-10-15, 62.2, 66.9, 57.5, 74.7, 82.3, 67.1, 49.8, 54.2, 45.4, 11.4
288, 2010-10-16, 62, 66.7, 57.3, 74.4, 82, 66.8, 49.7, 54.1, 45.3, 11.9
289, 2010-10-17, 61.8, 66.4, 57.2, 74, 81.5, 66.5, 49.6, 54, 45.2, 12.4
290, 2010-10-18, 61.5, 66.1, 56.9, 73.6, 81, 66.2, 49.4, 53.9, 44.9, 12.8
291, 2010-10-19, 61.3, 65.9, 56.7, 73.3, 80.6, 66, 49.3, 53.8, 44.8, 13.3
292, 2010-10-20, 61, 65.5, 56.5, 72.9, 80.2, 65.6, 49.2, 53.7, 44.7, 13.9
293, 2010-10-21, 60.8, 65.3, 56.3, 72.5, 79.7, 65.3, 49.1, 53.7, 44.5, 14.4
294, 2010-10-22, 60.5, 65, 56, 72.1, 79.2, 65, 49, 53.6, 44.4, 14.9
295, 2010-10-23, 60.3, 64.7, 55.9, 71.7, 78.7, 64.7, 48.8, 53.4, 44.2, 15.5
296, 2010-10-24, 60, 64.4, 55.6, 71.3, 78.3, 64.3, 48.7, 53.4, 44, 16.1
297, 2010-10-25, 59.7, 64.1, 55.3, 70.9, 77.8, 64, 48.6, 53.3, 43.9, 16.6
298, 2010-10-26, 59.5, 63.9, 55.1, 70.5, 77.3, 63.7, 48.4, 53.1, 43.7, 17.2
299, 2010-10-27, 59.2, 63.6, 54.8, 70.1, 76.8, 63.4, 48.3, 53, 43.6, 17.8
300, 2010-10-28, 58.9, 63.3, 54.5, 69.7, 76.4, 63, 48.2, 53, 43.4, 18.4
301, 2010-10-29, 58.7, 63, 54.4, 69.3, 75.9, 62.7, 48, 52.8, 43.2, 19.1
302, 2010-10-30, 58.4, 62.7, 54.1, 68.9, 75.4, 62.4, 47.9, 52.8, 43, 19.7
303, 2010-10-31, 58.1, 62.4, 53.8, 68.4, 74.9, 61.9, 47.7, 52.6, 42.8, 20.2
304, 2010-11-01, 57.8, 62.1, 53.5, 68, 74.4, 61.6, 47.6, 52.5, 42.7, 20.8
305, 2010-11-02, 57.5, 61.8, 53.2, 67.6, 73.9, 61.3, 47.5, 52.5, 42.5, 21.3
306, 2010-11-03, 57.2, 61.6, 52.8, 67.2, 73.5, 60.9, 47.3, 52.3, 42.3, 21.9
307, 2010-11-04, 57, 61.4, 52.6, 66.8, 73, 60.6, 47.2, 52.2, 42.2, 22.4
308, 2010-11-05, 56.7, 61.1, 52.3, 66.3, 72.5, 60.1, 47, 52.1, 41.9, 23
309, 2010-11-06, 56.4, 60.8, 52, 65.9, 72, 59.8, 46.8, 51.9, 41.7, 23.6
310, 2010-11-07, 56.1, 60.5, 51.7, 65.5, 71.6, 59.4, 46.7, 51.9, 41.5, 24.2
311, 2010-11-08, 55.8, 60.2, 51.4, 65.1, 71.1, 59.1, 46.5, 51.7, 41.3, 24.8
312, 2010-11-09, 55.5, 59.9, 51.1, 64.7, 70.7, 58.7, 46.4, 51.6, 41.2, 25.4
313, 2010-11-10, 55.2, 59.6, 50.8, 64.3, 70.3, 58.3, 46.2, 51.4, 41, 25.9
314, 2010-11-11, 55, 59.4, 50.6, 63.9, 69.8, 58, 46.1, 51.3, 40.9, 26.5
315, 2010-11-12, 54.7, 59.1, 50.3, 63.5, 69.4, 57.6, 45.9, 51.2, 40.6, 27
316, 2010-11-13, 54.4, 58.8, 50, 63.1, 68.9, 57.3, 45.7, 51, 40.4, 27.5
317, 2010-11-14, 54.1, 58.5, 49.7, 62.7, 68.5, 56.9, 45.6, 50.9, 40.3, 28
318, 2010-11-15, 53.8, 58.2, 49.4, 62.3, 68, 56.6, 45.4, 50.7, 40.1, 28.5
319, 2010-11-16, 53.6, 58, 49.2, 61.9, 67.6, 56.2, 45.2, 50.6, 39.8, 29
320, 2010-11-17, 53.3, 57.7, 48.9, 61.5, 67.1, 55.9, 45.1, 50.5, 39.7, 29.4
321, 2010-11-18, 53, 57.4, 48.6, 61.1, 66.7, 55.5, 44.9, 50.3, 39.5, 29.9
322, 2010-11-19, 52.8, 57.2, 48.4, 60.8, 66.3, 55.3, 44.7, 50.1, 39.3, 30.3
323, 2010-11-20, 52.5, 56.9, 48.1, 60.4, 65.9, 54.9, 44.6, 50.1, 39.1, 30.7
324, 2010-11-21, 52.2, 56.6, 47.8, 60.1, 65.5, 54.7, 44.4, 49.9, 38.9, 31.1
325, 2010-11-22, 52, 56.4, 47.6, 59.7, 65, 54.4, 44.2, 49.7, 38.7, 31.4
326, 2010-11-23, 51.7, 56.1, 47.3, 59.4, 64.7, 54.1, 44.1, 49.7, 38.5, 31.8
327, 2010-11-24, 51.5, 55.9, 47.1, 59.1, 64.3, 53.9, 43.9, 49.5, 38.3, 32.1
328, 2010-11-25, 51.3, 55.7, 46.9, 58.8, 63.9, 53.7, 43.7, 49.3, 38.1, 32.5
329, 2010-11-26, 51, 55.4, 46.6, 58.5, 63.6, 53.4, 43.6, 49.3, 37.9, 32.7
330, 2010-11-27, 50.8, 55.2, 46.4, 58.2, 63.3, 53.1, 43.4, 49.1, 37.7, 33
331, 2010-11-28, 50.6, 54.9, 46.3, 57.9, 62.9, 52.9, 43.3, 49, 37.6, 33.2
332, 2010-11-29, 50.4, 54.7, 46.1, 57.6, 62.6, 52.6, 43.1, 48.8, 37.4, 33.5
333, 2010-11-30, 50.2, 54.5, 45.9, 57.3, 62.2, 52.4, 43, 48.7, 37.3, 33.8
334, 2010-12-01, 50, 54.3, 45.7, 57.1, 62, 52.2, 42.8, 48.6, 37, 34.1
335, 2010-12-02, 49.8, 54.1, 45.5, 56.8, 61.7, 51.9, 42.7, 48.5, 36.9, 34.4
336, 2010-12-03, 49.6, 53.9, 45.3, 56.6, 61.5, 51.7, 42.5, 48.3, 36.7, 34.7
337, 2010-12-04, 49.4, 53.7, 45.1, 56.4, 61.2, 51.6, 42.4, 48.2, 36.6, 35
338, 2010-12-05, 49.2, 53.5, 44.9, 56.2, 61, 51.4, 42.3, 48.1, 36.5, 35.2
339, 2010-12-06, 49, 53.3, 44.7, 56, 60.8, 51.2, 42.1, 48, 36.2, 35.5
340, 2010-12-07, 48.9, 53.2, 44.6, 55.8, 60.6, 51, 42, 47.9, 36.1, 35.7
341, 2010-12-08, 48.7, 53, 44.4, 55.6, 60.4, 50.8, 41.9, 47.8, 36, 35.9
342, 2010-12-09, 48.6, 52.9, 44.3, 55.4, 60.2, 50.6, 41.8, 47.7, 35.9, 36.1
343, 2010-12-10, 48.4, 52.7, 44.1, 55.2, 60, 50.4, 41.6, 47.6, 35.6, 36.3
344, 2010-12-11, 48.3, 52.7, 43.9, 55.1, 59.9, 50.3, 41.5, 47.5, 35.5, 36.4
345, 2010-12-12, 48.2, 52.6, 43.8, 54.9, 59.7, 50.1, 41.4, 47.4, 35.4, 36.6
346, 2010-12-13, 48.1, 52.5, 43.7, 54.8, 59.7, 49.9, 41.3, 47.4, 35.2, 36.7
347, 2010-12-14, 48, 52.5, 43.5, 54.7, 59.6, 49.8, 41.2, 47.3, 35.1, 36.8
348, 2010-12-15, 47.9, 52.4, 43.4, 54.6, 59.5, 49.7, 41.2, 47.3, 35.1, 36.9
349, 2010-12-16, 47.8, 52.3, 43.3, 54.4, 59.3, 49.5, 41.1, 47.3, 34.9, 36.9
350, 2010-12-17, 47.7, 52.2, 43.2, 54.3, 59.2, 49.4, 41, 47.2, 34.8, 37
351, 2010-12-18, 47.6, 52.1, 43.1, 54.3, 59.3, 49.3, 40.9, 47.1, 34.7, 37
352, 2010-12-19, 47.5, 52, 43, 54.2, 59.2, 49.2, 40.9, 47.1, 34.7, 37
353, 2010-12-20, 47.5, 52, 43, 54.1, 59.1, 49.1, 40.8, 47, 34.6, 37
354, 2010-12-21, 47.4, 52, 42.8, 54, 59, 49, 40.8, 47, 34.6, 37
355, 2010-12-22, 47.3, 51.9, 42.7, 54, 59.1, 48.9, 40.7, 46.9, 34.5, 37
356, 2010-12-23, 47.3, 51.9, 42.7, 53.9, 59, 48.8, 40.7, 46.8, 34.6, 36.9
357, 2010-12-24, 47.3, 51.9, 42.7, 53.9, 59, 48.8, 40.6, 46.7, 34.5, 36.9
358, 2010-12-25, 47.2, 51.8, 42.6, 53.8, 58.9, 48.7, 40.6, 46.7, 34.5, 36.9
359, 2010-12-26, 47.2, 51.8, 42.6, 53.8, 58.9, 48.7, 40.6, 46.7, 34.5, 37
360, 2010-12-27, 47.2, 51.8, 42.6, 53.8, 59, 48.6, 40.6, 46.7, 34.5, 37.1
361, 2010-12-28, 47.2, 51.8, 42.6, 53.8, 59, 48.6, 40.6, 46.7, 34.5, 37.1
362, 2010-12-29, 47.2, 51.8, 42.6, 53.8, 59, 48.6, 40.6, 46.7, 34.5, 37.2
363, 2010-12-30, 47.2, 51.8, 42.6, 53.8, 59, 48.6, 40.6, 46.6, 34.6, 37.2
364, 2010-12-31, 47.2, 51.8, 42.6, 53.8, 59, 48.6, 40.6, 46.6, 34.6, 37.1
