day, date, avg, avgh, avgl, hi, hih, hil, lo, loh, lol, precip
0, 2010-01-01, -999.9, -1999.8, 0, -999.9, -1999.8, 0, -999.9, -1999.8, 0, 44.2
1, 2010-01-02, -999.9, -1999.8, 0, -999.9, -1999.8, 0, -999.9, -1999.8, 0, 44.3
2, 2010-01-03, -999.9, -1999.8, 0, -999.9, -1999.8, 0, -999.9, -1999.8, 0, 44.3
3, 2010-01-04, -999.9, -1999.8, 0, -999.9, -1999.8, 0, -999.9, -1999.8, 0, 44.3
4, 2010-01-05, -999.9, -1999.8, 0, -999.9, -1999.8, 0, -999.9, -1999.8, 0, 44.3
5, 2010-01-06, -999.9, -1999.8, 0, -999.9, -1999.8, 0, -999.9, -1999.8, 0, 44.3
6, 2010-01-07, -999.9, -1999.8, 0, -999.9, -1999.8, 0, -999.9, -1999.8, 0, 44.3
7, 2010-01-08, -999.9, -1999.8, 0, -999.9, -1999.8, 0, -999.9, -1999.8, 0, 44.4
8, 2010-01-09, -999.9, -1999.8, 0, -999.9, -1999.8, 0, -999.9, -1999.8, 0, 44.4
9, 2010-01-10, -999.9, -1999.8, 0, -999.9, -1999.8, 0, -999.9, -1999.8, 0, 44.4
10, 2010-01-11, -999.9, -1999.8, 0, -999.9, -1999.8, 0, -999.9, -1999.8, 0, 44.5
11, 2010-01-12, -999.9, -1999.8, 0, -999.9, -1999.8, 0, -999.9, -1999.8, 0, 44.6
12, 2010-01-13, -999.9, -1999.8, 0, -999.9, -1999.8, 0, -999.9, -1999.8, 0, 44.7
13, 2010-01-14, -999.9, -1999.8, 0, -999.9, -1999.8, 0, -999.9, -1999.8, 0, 44.8
14, 2010-01-15, -999.9, -1999.8, 0, -999.9, -1999.8, 0, -999.9, -1999.8, 0, 44.9
15, 2010-01-16, -999.9, -1999.8, 0, -999.9, -1999.8, 0, -999.9, -1999.8, 0, 45
16, 2010-01-17, -999.9, -1999.8, 0, -999.9, -1999.8, 0, -999.9, -1999.8, 0, 45.1
17, 2010-01-18, -999.9, -1999.8, 0, -999.9, -1999.8, 0, -999.9, -1999.8, 0, 45.2
18, 2010-01-19, -999.9, -1999.8, 0, -999.9, -1999.8, 0, -999.9, -1999.8, 0, 45.3
19, 2010-01-20, -999.9, -1999.8, 0, -999.9, -1999.8, 0, -999.9, -1999.8, 0, 45.4
20, 2010-01-21, -999.9, -1999.8, 0, -999.9, -1999.8, 0, -999.9, -1999.8, 0, 45.6
21, 2010-01-22, -999.9, -1999.8, 0, -999.9, -1999.8, 0, -999.9, -1999.8, 0, 45.7
22, 2010-01-23, -999.9, -1999.8, 0, -999.9, -1999.8, 0, -999.9, -1999.8, 0, 45.9
23, 2010-01-24, -999.9, -1999.8, 0, -999.9, -1999.8, 0, -999.9, -1999.8, 0, 45.9
24, 2010-01-25, -999.9, -1999.8, 0, -999.9, -1999.8, 0, -999.9, -1999.8, 0, 46.1
25, 2010-01-26, -999.9, -1999.8, 0, -999.9, -1999.8, 0, -999.9, -1999.8, 0, 46.2
26, 2010-01-27, -999.9, -1999.8, 0, -999.9, -1999.8, 0, -999.9, -1999.8, 0, 46.2
27, 2010-01-28, -999.9, -1999.8, 0, -999.9, -1999.8, 0, -999.9, -1999.8, 0, 46.3
28, 2010-01-29, -999.9, -1999.8, 0, -999.9, -1999.8, 0, -999.9, -1999.8, 0, 46.4
29, 2010-01-30, -999.9, -1999.8, 0, -999.9, -1999.8, 0, -999.9, -1999.8, 0, 46.4
30, 2010-01-31, -999.9, -1999.8, 0, -999.9, -1999.8, 0, -999.9, -1999.8, 0, 46.5
31, 2010-02-01, -999.9, -1999.8, 0, -999.9, -1999.8, 0, -999.9, -1999.8, 0, 46.6
32, 2010-02-02, -999.9, -1999.8, 0, -999.9, -1999.8, 0, -999.9, -1999.8, 0, 46.8
33, 2010-02-03, -999.9, -1999.8, 0, -999.9, -1999.8, 0, -999.9, -1999.8, 0, 47
34, 2010-02-04, -999.9, -1999.8, 0, -999.9, -1999.8, 0, -999.9, -1999.8, 0, 47.1
35, 2010-02-05, -999.9, -1999.8, 0, -999.9, -1999.8, 0, -999.9, -1999.8, 0, 47.3
36, 2010-02-06, -999.9, -1999.8, 0, -999.9, -1999.8, 0, -999.9, -1999.8, 0, 47.5
37, 2010-02-07, -999.9, -1999.8, 0, -999.9, -1999.8, 0, -999.9, -1999.8, 0, 47.7
38, 2010-02-08, -999.9, -1999.8, 0, -999.9, -1999.8, 0, -999.9, -1999.8, 0, 47.9
39, 2010-02-09, -999.9, -1999.8, 0, -999.9, -1999.8, 0, -999.9, -1999.8, 0, 48.1
40, 2010-02-10, -999.9, -1999.8, 0, -999.9, -1999.8, 0, -999.9, -1999.8, 0, 48.2
41, 2010-02-11, -999.9, -1999.8, 0, -999.9, -1999.8, 0, -999.9, -1999.8, 0, 48.3
42, 2010-02-12, -999.9, -1999.8, 0, -999.9, -1999.8, 0, -999.9, -1999.8, 0, 48.5
43, 2010-02-13, -999.9, -1999.8, 0, -999.9, -1999.8, 0, -999.9, -1999.8, 0, 48.6
44, 2010-02-14, -999.9, -1999.8, 0, -999.9, -1999.8, 0, -999.9, -1999.8, 0, 48.7
45, 2010-02-15, -999.9, -1999.8, 0, -999.9, -1999.8, 0, -999.9, -1999.8, 0, 48.8
46, 2010-02-16, -999.9, -1999.8, 0, -999.9, -1999.8, 0, -999.9, -1999.8, 0, 48.9
47, 2010-02-17, -999.9, -1999.8, 0, -999.9, -1999.8, 0, -999.9, -1999.8, 0, 49
48, 2010-02-18, -999.9, -1999.8, 0, -999.9, -1999.8, 0, -999.9, -1999.8, 0, 49
49, 2010-02-19, -999.9, -1999.8, 0, -999.9, -1999.8, 0, -999.9, -1999.8, 0, 48.9
50, 2010-02-20, -999.9, -1999.8, 0, -999.9, -1999.8, 0, -999.9, -1999.8, 0, 48.8
51, 2010-02-21, -999.9, -1999.8, 0, -999.9, -1999.8, 0, -999.9, -1999.8, 0, 48.6
52, 2010-02-22, -999.9, -1999.8, 0, -999.9, -1999.8, 0, -999.9, -1999.8, 0, 48.5
53, 2010-02-23, -999.9, -1999.8, 0, -999.9, -1999.8, 0, -999.9, -1999.8, 0, 48.3
54, 2010-02-24, -999.9, -1999.8, 0, -999.9, -1999.8, 0, -999.9, -1999.8, 0, 48.1
55, 2010-02-25, -999.9, -1999.8, 0, -999.9, -1999.8, 0, -999.9, -1999.8, 0, 47.9
56, 2010-02-26, -999.9, -1999.8, 0, -999.9, -1999.8, 0, -999.9, -1999.8, 0, 47.7
57, 2010-02-27, -999.9, -1999.8, 0, -999.9, -1999.8, 0, -999.9, -1999.8, 0, 47.5
58, 2010-02-28, -999.9, -1999.8, 0, -999.9, -1999.8, 0, -999.9, -1999.8, 0, 47.3
59, 2010-03-01, -999.9, -1999.8, 0, -999.9, -1999.8, 0, -999.9, -1999.8, 0, 46.8
60, 2010-03-02, -999.9, -1999.8, 0, -999.9, -1999.8, 0, -999.9, -1999.8, 0, 46.4
61, 2010-03-03, -999.9, -1999.8, 0, -999.9, -1999.8, 0, -999.9, -1999.8, 0, 46.1
62, 2010-03-04, -999.9, -1999.8, 0, -999.9, -1999.8, 0, -999.9, -1999.8, 0, 45.7
63, 2010-03-05, -999.9, -1999.8, 0, -999.9, -1999.8, 0, -999.9, -1999.8, 0, 45.2
64, 2010-03-06, -999.9, -1999.8, 0, -999.9, -1999.8, 0, -999.9, -1999.8, 0, 44.8
65, 2010-03-07, -999.9, -1999.8, 0, -999.9, -1999.8, 0, -999.9, -1999.8, 0, 44.3
66, 2010-03-08, -999.9, -1999.8, 0, -999.9, -1999.8, 0, -999.9, -1999.8, 0, 43.7
67, 2010-03-09, -999.9, -1999.8, 0, -999.9, -1999.8, 0, -999.9, -1999.8, 0, 43.3
68, 2010-03-10, -999.9, -1999.8, 0, -999.9, -1999.8, 0, -999.9, -1999.8, 0, 42.8
69, 2010-03-11, -999.9, -1999.8, 0, -999.9, -1999.8, 0, -999.9, -1999.8, 0, 42.3
70, 2010-03-12, -999.9, -1999.8, 0, -999.9, -1999.8, 0, -999.9, -1999.8, 0, 41.7
71, 2010-03-13, -999.9, -1999.8, 0, -999.9, -1999.8, 0, -999.9, -1999.8, 0, 41.2
72, 2010-03-14, -999.9, -1999.8, 0, -999.9, -1999.8, 0, -999.9, -1999.8, 0, 40.6
73, 2010-03-15, -999.9, -1999.8, 0, -999.9, -1999.8, 0, -999.9, -1999.8, 0, 40
74, 2010-03-16, -999.9, -1999.8, 0, -999.9, -1999.8, 0, -999.9, -1999.8, 0, 39.5
75, 2010-03-17, -999.9, -1999.8, 0, -999.9, -1999.8, 0, -999.9, -1999.8, 0, 38.8
76, 2010-03-18, -999.9, -1999.8, 0, -999.9, -1999.8, 0, -999.9, -1999.8, 0, 38.2
77, 2010-03-19, -999.9, -1999.8, 0, -999.9, -1999.8, 0, -999.9, -1999.8, 0, 37.7
78, 2010-03-20, -999.9, -1999.8, 0, -999.9, -1999.8, 0, -999.9, -1999.8, 0, 37.2
79, 2010-03-21, -999.9, -1999.8, 0, -999.9, -1999.8, 0, -999.9, -1999.8, 0, 36.7
80, 2010-03-22, -999.9, -1999.8, 0, -999.9, -1999.8, 0, -999.9, -1999.8, 0, 36.2
81, 2010-03-23, -999.9, -1999.8, 0, -999.9, -1999.8, 0, -999.9, -1999.8, 0, 35.8
82, 2010-03-24, -999.9, -1999.8, 0, -999.9, -1999.8, 0, -999.9, -1999.8, 0, 35.3
83, 2010-03-25, -999.9, -1999.8, 0, -999.9, -1999.8, 0, -999.9, -1999.8, 0, 34.9
84, 2010-03-26, -999.9, -1999.8, 0, -999.9, -1999.8, 0, -999.9, -1999.8, 0, 34.4
85, 2010-03-27, -999.9, -1999.8, 0, -999.9, -1999.8, 0, -999.9, -1999.8, 0, 34
86, 2010-03-28, -999.9, -1999.8, 0, -999.9, -1999.8, 0, -999.9, -1999.8, 0, 33.5
87, 2010-03-29, -999.9, -1999.8, 0, -999.9, -1999.8, 0, -999.9, -1999.8, 0, 33.1
88, 2010-03-30, -999.9, -1999.8, 0, -999.9, -1999.8, 0, -999.9, -1999.8, 0, 32.6
89, 2010-03-31, -999.9, -1999.8, 0, -999.9, -1999.8, 0, -999.9, -1999.8, 0, 32.1
90, 2010-04-01, -999.9, -1999.8, 0, -999.9, -1999.8, 0, -999.9, -1999.8, 0, 31.7
91, 2010-04-02, -999.9, -1999.8, 0, -999.9, -1999.8, 0, -999.9, -1999.8, 0, 31.3
92, 2010-04-03, -999.9, -1999.8, 0, -999.9, -1999.8, 0, -999.9, -1999.8, 0, 30.9
93, 2010-04-04, -999.9, -1999.8, 0, -999.9, -1999.8, 0, -999.9, -1999.8, 0, 30.5
94, 2010-04-05, -999.9, -1999.8, 0, -999.9, -1999.8, 0, -999.9, -1999.8, 0, 30.1
95, 2010-04-06, -999.9, -1999.8, 0, -999.9, -1999.8, 0, -999.9, -1999.8, 0, 29.8
96, 2010-04-07, -999.9, -1999.8, 0, -999.9, -1999.8, 0, -999.9, -1999.8, 0, 29.5
97, 2010-04-08, -999.9, -1999.8, 0, -999.9, -1999.8, 0, -999.9, -1999.8, 0, 29.1
98, 2010-04-09, -999.9, -1999.8, 0, -999.9, -1999.8, 0, -999.9, -1999.8, 0, 28.7
99, 2010-04-10, -999.9, -1999.8, 0, -999.9, -1999.8, 0, -999.9, -1999.8, 0, 28.4
100, 2010-04-11, -999.9, -1999.8, 0, -999.9, -1999.8, 0, -999.9, -1999.8, 0, 28
101, 2010-04-12, -999.9, -1999.8, 0, -999.9, -1999.8, 0, -999.9, -1999.8, 0, 27.7
102, 2010-04-13, -999.9, -1999.8, 0, -999.9, -1999.8, 0, -999.9, -1999.8, 0, 27.4
103, 2010-04-14, -999.9, -1999.8, 0, -999.9, -1999.8, 0, -999.9, -1999.8, 0, 27.1
104, 2010-04-15, -999.9, -1999.8, 0, -999.9, -1999.8, 0, -999.9, -1999.8, 0, 26.8
105, 2010-04-16, -999.9, -1999.8, 0, -999.9, -1999.8, 0, -999.9, -1999.8, 0, 26.5
106, 2010-04-17, -999.9, -1999.8, 0, -999.9, -1999.8, 0, -999.9, -1999.8, 0, 26.2
107, 2010-04-18, -999.9, -1999.8, 0, -999.9, -1999.8, 0, -999.9, -1999.8, 0, 25.9
108, 2010-04-19, -999.9, -1999.8, 0, -999.9, -1999.8, 0, -999.9, -1999.8, 0, 25.5
109, 2010-04-20, -999.9, -1999.8, 0, -999.9, -1999.8, 0, -999.9, -1999.8, 0, 25.1
110, 2010-04-21, -999.9, -1999.8, 0, -999.9, -1999.8, 0, -999.9, -1999.8, 0, 24.7
111, 2010-04-22, -999.9, -1999.8, 0, -999.9, -1999.8, 0, -999.9, -1999.8, 0, 24.3
112, 2010-04-23, -999.9, -1999.8, 0, -999.9, -1999.8, 0, -999.9, -1999.8, 0, 23.9
113, 2010-04-24, -999.9, -1999.8, 0, -999.9, -1999.8, 0, -999.9, -1999.8, 0, 23.5
114, 2010-04-25, -999.9, -1999.8, 0, -999.9, -1999.8, 0, -999.9, -1999.8, 0, 23
115, 2010-04-26, -999.9, -1999.8, 0, -999.9, -1999.8, 0, -999.9, -1999.8, 0, 22.6
116, 2010-04-27, -999.9, -1999.8, 0, -999.9, -1999.8, 0, -999.9, -1999.8, 0, 22.2
117, 2010-04-28, -999.9, -1999.8, 0, -999.9, -1999.8, 0, -999.9, -1999.8, 0, 21.9
118, 2010-04-29, -999.9, -1999.8, 0, -999.9, -1999.8, 0, -999.9, -1999.8, 0, 21.5
119, 2010-04-30, -999.9, -1999.8, 0, -999.9, -1999.8, 0, -999.9, -1999.8, 0, 21.1
120, 2010-05-01, -999.9, -1999.8, 0, -999.9, -1999.8, 0, -999.9, -1999.8, 0, 20.8
121, 2010-05-02, -999.9, -1999.8, 0, -999.9, -1999.8, 0, -999.9, -1999.8, 0, 20.4
122, 2010-05-03, -999.9, -1999.8, 0, -999.9, -1999.8, 0, -999.9, -1999.8, 0, 20.1
123, 2010-05-04, -999.9, -1999.8, 0, -999.9, -1999.8, 0, -999.9, -1999.8, 0, 19.7
124, 2010-05-05, -999.9, -1999.8, 0, -999.9, -1999.8, 0, -999.9, -1999.8, 0, 19.3
125, 2010-05-06, -999.9, -1999.8, 0, -999.9, -1999.8, 0, -999.9, -1999.8, 0, 18.9
126, 2010-05-07, -999.9, -1999.8, 0, -999.9, -1999.8, 0, -999.9, -1999.8, 0, 18.6
127, 2010-05-08, -999.9, -1999.8, 0, -999.9, -1999.8, 0, -999.9, -1999.8, 0, 18.2
128, 2010-05-09, -999.9, -1999.8, 0, -999.9, -1999.8, 0, -999.9, -1999.8, 0, 17.9
129, 2010-05-10, -999.9, -1999.8, 0, -999.9, -1999.8, 0, -999.9, -1999.8, 0, 17.5
130, 2010-05-11, -999.9, -1999.8, 0, -999.9, -1999.8, 0, -999.9, -1999.8, 0, 17.2
131, 2010-05-12, -999.9, -1999.8, 0, -999.9, -1999.8, 0, -999.9, -1999.8, 0, 16.8
132, 2010-05-13, -999.9, -1999.8, 0, -999.9, -1999.8, 0, -999.9, -1999.8, 0, 16.5
133, 2010-05-14, -999.9, -1999.8, 0, -999.9, -1999.8, 0, -999.9, -1999.8, 0, 16.2
134, 2010-05-15, -999.9, -1999.8, 0, -999.9, -1999.8, 0, -999.9, -1999.8, 0, 15.9
135, 2010-05-16, -999.9, -1999.8, 0, -999.9, -1999.8, 0, -999.9, -1999.8, 0, 15.6
136, 2010-05-17, -999.9, -1999.8, 0, -999.9, -1999.8, 0, -999.9, -1999.8, 0, 15.4
137, 2010-05-18, -999.9, -1999.8, 0, -999.9, -1999.8, 0, -999.9, -1999.8, 0, 15.1
138, 2010-05-19, -999.9, -1999.8, 0, -999.9, -1999.8, 0, -999.9, -1999.8, 0, 14.8
139, 2010-05-20, -999.9, -1999.8, 0, -999.9, -1999.8, 0, -999.9, -1999.8, 0, 14.6
140, 2010-05-21, -999.9, -1999.8, 0, -999.9, -1999.8, 0, -999.9, -1999.8, 0, 14.3
141, 2010-05-22, -999.9, -1999.8, 0, -999.9, -1999.8, 0, -999.9, -1999.8, 0, 14.1
142, 2010-05-23, -999.9, -1999.8, 0, -999.9, -1999.8, 0, -999.9, -1999.8, 0, 13.9
143, 2010-05-24, -999.9, -1999.8, 0, -999.9, -1999.8, 0, -999.9, -1999.8, 0, 13.7
144, 2010-05-25, -999.9, -1999.8, 0, -999.9, -1999.8, 0, -999.9, -1999.8, 0, 13.5
145, 2010-05-26, -999.9, -1999.8, 0, -999.9, -1999.8, 0, -999.9, -1999.8, 0, 13.2
146, 2010-05-27, -999.9, -1999.8, 0, -999.9, -1999.8, 0, -999.9, -1999.8, 0, 13
147, 2010-05-28, -999.9, -1999.8, 0, -999.9, -1999.8, 0, -999.9, -1999.8, 0, 12.7
148, 2010-05-29, -999.9, -1999.8, 0, -999.9, -1999.8, 0, -999.9, -1999.8, 0, 12.5
149, 2010-05-30, -999.9, -1999.8, 0, -999.9, -1999.8, 0, -999.9, -1999.8, 0, 12.2
150, 2010-05-31, -999.9, -1999.8, 0, -999.9, -1999.8, 0, -999.9, -1999.8, 0, 12
151, 2010-06-01, -999.9, -1999.8, 0, -999.9, -1999.8, 0, -999.9, -1999.8, 0, 11.8
152, 2010-06-02, -999.9, -1999.8, 0, -999.9, -1999.8, 0, -999.9, -1999.8, 0, 11.6
153, 2010-06-03, -999.9, -1999.8, 0, -999.9, -1999.8, 0, -999.9, -1999.8, 0, 11.4
154, 2010-06-04, -999.9, -1999.8, 0, -999.9, -1999.8, 0, -999.9, -1999.8, 0, 11.2
155, 2010-06-05, -999.9, -1999.8, 0, -999.9, -1999.8, 0, -999.9, -1999.8, 0, 11.1
156, 2010-06-06, -999.9, -1999.8, 0, -999.9, -1999.8, 0, -999.9, -1999.8, 0, 10.9
157, 2010-06-07, -999.9, -1999.8, 0, -999.9, -1999.8, 0, -999.9, -1999.8, 0, 10.7
158, 2010-06-08, -999.9, -1999.8, 0, -999.9, -1999.8, 0, -999.9, -1999.8, 0, 10.5
159, 2010-06-09, -999.9, -1999.8, 0, -999.9, -1999.8, 0, -999.9, -1999.8, 0, 10.3
160, 2010-06-10, -999.9, -1999.8, 0, -999.9, -1999.8, 0, -999.9, -1999.8, 0, 10.1
161, 2010-06-11, -999.9, -1999.8, 0, -999.9, -1999.8, 0, -999.9, -1999.8, 0, 9.9
162, 2010-06-12, -999.9, -1999.8, 0, -999.9, -1999.8, 0, -999.9, -1999.8, 0, 9.8
163, 2010-06-13, -999.9, -1999.8, 0, -999.9, -1999.8, 0, -999.9, -1999.8, 0, 9.6
164, 2010-06-14, -999.9, -1999.8, 0, -999.9, -1999.8, 0, -999.9, -1999.8, 0, 9.5
165, 2010-06-15, -999.9, -1999.8, 0, -999.9, -1999.8, 0, -999.9, -1999.8, 0, 9.4
166, 2010-06-16, -999.9, -1999.8, 0, -999.9, -1999.8, 0, -999.9, -1999.8, 0, 9.3
167, 2010-06-17, -999.9, -1999.8, 0, -999.9, -1999.8, 0, -999.9, -1999.8, 0, 9.2
168, 2010-06-18, -999.9, -1999.8, 0, -999.9, -1999.8, 0, -999.9, -1999.8, 0, 9.1
169, 2010-06-19, -999.9, -1999.8, 0, -999.9, -1999.8, 0, -999.9, -1999.8, 0, 9.1
170, 2010-06-20, -999.9, -1999.8, 0, -999.9, -1999.8, 0, -999.9, -1999.8, 0, 9
171, 2010-06-21, -999.9, -1999.8, 0, -999.9, -1999.8, 0, -999.9, -1999.8, 0, 9
172, 2010-06-22, -999.9, -1999.8, 0, -999.9, -1999.8, 0, -999.9, -1999.8, 0, 8.9
173, 2010-06-23, -999.9, -1999.8, 0, -999.9, -1999.8, 0, -999.9, -1999.8, 0, 8.9
174, 2010-06-24, -999.9, -1999.8, 0, -999.9, -1999.8, 0, -999.9, -1999.8, 0, 8.9
175, 2010-06-25, -999.9, -1999.8, 0, -999.9, -1999.8, 0, -999.9, -1999.8, 0, 8.9
176, 2010-06-26, -999.9, -1999.8, 0, -999.9, -1999.8, 0, -999.9, -1999.8, 0, 8.9
177, 2010-06-27, -999.9, -1999.8, 0, -999.9, -1999.8, 0, -999.9, -1999.8, 0, 8.9
178, 2010-06-28, -999.9, -1999.8, 0, -999.9, -1999.8, 0, -999.9, -1999.8, 0, 8.9
179, 2010-06-29, -999.9, -1999.8, 0, -999.9, -1999.8, 0, -999.9, -1999.8, 0, 8.8
180, 2010-06-30, -999.9, -1999.8, 0, -999.9, -1999.8, 0, -999.9, -1999.8, 0, 8.8
181, 2010-07-01, -999.9, -1999.8, 0, -999.9, -1999.8, 0, -999.9, -1999.8, 0, 8.7
182, 2010-07-02, -999.9, -1999.8, 0, -999.9, -1999.8, 0, -999.9, -1999.8, 0, 8.7
183, 2010-07-03, -999.9, -1999.8, 0, -999.9, -1999.8, 0, -999.9, -1999.8, 0, 8.6
184, 2010-07-04, -999.9, -1999.8, 0, -999.9, -1999.8, 0, -999.9, -1999.8, 0, 8.6
185, 2010-07-05, -999.9, -1999.8, 0, -999.9, -1999.8, 0, -999.9, -1999.8, 0, 8.6
186, 2010-07-06, -999.9, -1999.8, 0, -999.9, -1999.8, 0, -999.9, -1999.8, 0, 8.6
187, 2010-07-07, -999.9, -1999.8, 0, -999.9, -1999.8, 0, -999.9, -1999.8, 0, 8.6
188, 2010-07-08, -999.9, -1999.8, 0, -999.9, -1999.8, 0, -999.9, -1999.8, 0, 8.6
189, 2010-07-09, -999.9, -1999.8, 0, -999.9, -1999.8, 0, -999.9, -1999.8, 0, 8.7
190, 2010-07-10, -999.9, -1999.8, 0, -999.9, -1999.8, 0, -999.9, -1999.8, 0, 8.7
191, 2010-07-11, -999.9, -1999.8, 0, -999.9, -1999.8, 0, -999.9, -1999.8, 0, 8.6
192, 2010-07-12, -999.9, -1999.8, 0, -999.9, -1999.8, 0, -999.9, -1999.8, 0, 8.6
193, 2010-07-13, -999.9, -1999.8, 0, -999.9, -1999.8, 0, -999.9, -1999.8, 0, 8.6
194, 2010-07-14, -999.9, -1999.8, 0, -999.9, -1999.8, 0, -999.9, -1999.8, 0, 8.6
195, 2010-07-15, -999.9, -1999.8, 0, -999.9, -1999.8, 0, -999.9, -1999.8, 0, 8.5
196, 2010-07-16, -999.9, -1999.8, 0, -999.9, -1999.8, 0, -999.9, -1999.8, 0, 8.5
197, 2010-07-17, -999.9, -1999.8, 0, -999.9, -1999.8, 0, -999.9, -1999.8, 0, 8.5
198, 2010-07-18, -999.9, -1999.8, 0, -999.9, -1999.8, 0, -999.9, -1999.8, 0, 8.5
199, 2010-07-19, -999.9, -1999.8, 0, -999.9, -1999.8, 0, -999.9, -1999.8, 0, 8.5
200, 2010-07-20, -999.9, -1999.8, 0, -999.9, -1999.8, 0, -999.9, -1999.8, 0, 8.4
201, 2010-07-21, -999.9, -1999.8, 0, -999.9, -1999.8, 0, -999.9, -1999.8, 0, 8.4
202, 2010-07-22, -999.9, -1999.8, 0, -999.9, -1999.8, 0, -999.9, -1999.8, 0, 8.5
203, 2010-07-23, -999.9, -1999.8, 0, -999.9, -1999.8, 0, -999.9, -1999.8, 0, 8.5
204, 2010-07-24, -999.9, -1999.8, 0, -999.9, -1999.8, 0, -999.9, -1999.8, 0, 8.5
205, 2010-07-25, -999.9, -1999.8, 0, -999.9, -1999.8, 0, -999.9, -1999.8, 0, 8.5
206, 2010-07-26, -999.9, -1999.8, 0, -999.9, -1999.8, 0, -999.9, -1999.8, 0, 8.6
207, 2010-07-27, -999.9, -1999.8, 0, -999.9, -1999.8, 0, -999.9, -1999.8, 0, 8.7
208, 2010-07-28, -999.9, -1999.8, 0, -999.9, -1999.8, 0, -999.9, -1999.8, 0, 8.8
209, 2010-07-29, -999.9, -1999.8, 0, -999.9, -1999.8, 0, -999.9, -1999.8, 0, 8.9
210, 2010-07-30, -999.9, -1999.8, 0, -999.9, -1999.8, 0, -999.9, -1999.8, 0, 9
211, 2010-07-31, -999.9, -1999.8, 0, -999.9, -1999.8, 0, -999.9, -1999.8, 0, 9
212, 2010-08-01, -999.9, -1999.8, 0, -999.9, -1999.8, 0, -999.9, -1999.8, 0, 9.1
213, 2010-08-02, -999.9, -1999.8, 0, -999.9, -1999.8, 0, -999.9, -1999.8, 0, 9.2
214, 2010-08-03, -999.9, -1999.8, 0, -999.9, -1999.8, 0, -999.9, -1999.8, 0, 9.3
215, 2010-08-04, -999.9, -1999.8, 0, -999.9, -1999.8, 0, -999.9, -1999.8, 0, 9.4
216, 2010-08-05, -999.9, -1999.8, 0, -999.9, -1999.8, 0, -999.9, -1999.8, 0, 9.4
217, 2010-08-06, -999.9, -1999.8, 0, -999.9, -1999.8, 0, -999.9, -1999.8, 0, 9.5
218, 2010-08-07, -999.9, -1999.8, 0, -999.9, -1999.8, 0, -999.9, -1999.8, 0, 9.5
219, 2010-08-08, -999.9, -1999.8, 0, -999.9, -1999.8, 0, -999.9, -1999.8, 0, 9.6
220, 2010-08-09, -999.9, -1999.8, 0, -999.9, -1999.8, 0, -999.9, -1999.8, 0, 9.7
221, 2010-08-10, -999.9, -1999.8, 0, -999.9, -1999.8, 0, -999.9, -1999.8, 0, 9.7
222, 2010-08-11, -999.9, -1999.8, 0, -999.9, -1999.8, 0, -999.9, -1999.8, 0, 9.8
223, 2010-08-12, -999.9, -1999.8, 0, -999.9, -1999.8, 0, -999.9, -1999.8, 0, 9.8
224, 2010-08-13, -999.9, -1999.8, 0, -999.9, -1999.8, 0, -999.9, -1999.8, 0, 9.9
225, 2010-08-14, -999.9, -1999.8, 0, -999.9, -1999.8, 0, -999.9, -1999.8, 0, 9.9
226, 2010-08-15, -999.9, -1999.8, 0, -999.9, -1999.8, 0, -999.9, -1999.8, 0, 10
227, 2010-08-16, -999.9, -1999.8, 0, -999.9, -1999.8, 0, -999.9, -1999.8, 0, 10
228, 2010-08-17, -999.9, -1999.8, 0, -999.9, -1999.8, 0, -999.9, -1999.8, 0, 10.1
229, 2010-08-18, -999.9, -1999.8, 0, -999.9, -1999.8, 0, -999.9, -1999.8, 0, 10.1
230, 2010-08-19, -999.9, -1999.8, 0, -999.9, -1999.8, 0, -999.9, -1999.8, 0, 10.1
231, 2010-08-20, -999.9, -1999.8, 0, -999.9, -1999.8, 0, -999.9, -1999.8, 0, 10.1
232, 2010-08-21, -999.9, -1999.8, 0, -999.9, -1999.8, 0, -999.9, -1999.8, 0, 10.1
233, 2010-08-22, -999.9, -1999.8, 0, -999.9, -1999.8, 0, -999.9, -1999.8, 0, 10.2
234, 2010-08-23, -999.9, -1999.8, 0, -999.9, -1999.8, 0, -999.9, -1999.8, 0, 10.2
235, 2010-08-24, -999.9, -1999.8, 0, -999.9, -1999.8, 0, -999.9, -1999.8, 0, 10.2
236, 2010-08-25, -999.9, -1999.8, 0, -999.9, -1999.8, 0, -999.9, -1999.8, 0, 10.2
237, 2010-08-26, -999.9, -1999.8, 0, -999.9, -1999.8, 0, -999.9, -1999.8, 0, 10.3
238, 2010-08-27, -999.9, -1999.8, 0, -999.9, -1999.8, 0, -999.9, -1999.8, 0, 10.3
239, 2010-08-28, -999.9, -1999.8, 0, -999.9, -1999.8, 0, -999.9, -1999.8, 0, 10.4
240, 2010-08-29, -999.9, -1999.8, 0, -999.9, -1999.8, 0, -999.9, -1999.8, 0, 10.5
241, 2010-08-30, -999.9, -1999.8, 0, -999.9, -1999.8, 0, -999.9, -1999.8, 0, 10.5
242, 2010-08-31, -999.9, -1999.8, 0, -999.9, -1999.8, 0, -999.9, -1999.8, 0, 10.6
243, 2010-09-01, -999.9, -1999.8, 0, -999.9, -1999.8, 0, -999.9, -1999.8, 0, 10.7
244, 2010-09-02, -999.9, -1999.8, 0, -999.9, -1999.8, 0, -999.9, -1999.8, 0, 10.7
245, 2010-09-03, -999.9, -1999.8, 0, -999.9, -1999.8, 0, -999.9, -1999.8, 0, 10.8
246, 2010-09-04, -999.9, -1999.8, 0, -999.9, -1999.8, 0, -999.9, -1999.8, 0, 10.9
247, 2010-09-05, -999.9, -1999.8, 0, -999.9, -1999.8, 0, -999.9, -1999.8, 0, 11.1
248, 2010-09-06, -999.9, -1999.8, 0, -999.9, -1999.8, 0, -999.9, -1999.8, 0, 11.2
249, 2010-09-07, -999.9, -1999.8, 0, -999.9, -1999.8, 0, -999.9, -1999.8, 0, 11.3
250, 2010-09-08, -999.9, -1999.8, 0, -999.9, -1999.8, 0, -999.9, -1999.8, 0, 11.5
251, 2010-09-09, -999.9, -1999.8, 0, -999.9, -1999.8, 0, -999.9, -1999.8, 0, 11.7
252, 2010-09-10, -999.9, -1999.8, 0, -999.9, -1999.8, 0, -999.9, -1999.8, 0, 11.8
253, 2010-09-11, -999.9, -1999.8, 0, -999.9, -1999.8, 0, -999.9, -1999.8, 0, 12
254, 2010-09-12, -999.9, -1999.8, 0, -999.9, -1999.8, 0, -999.9, -1999.8, 0, 12.2
255, 2010-09-13, -999.9, -1999.8, 0, -999.9, -1999.8, 0, -999.9, -1999.8, 0, 12.4
256, 2010-09-14, -999.9, -1999.8, 0, -999.9, -1999.8, 0, -999.9, -1999.8, 0, 12.6
257, 2010-09-15, -999.9, -1999.8, 0, -999.9, -1999.8, 0, -999.9, -1999.8, 0, 12.8
258, 2010-09-16, -999.9, -1999.8, 0, -999.9, -1999.8, 0, -999.9, -1999.8, 0, 13
259, 2010-09-17, -999.9, -1999.8, 0, -999.9, -1999.8, 0, -999.9, -1999.8, 0, 13.2
260, 2010-09-18, -999.9, -1999.8, 0, -999.9, -1999.8, 0, -999.9, -1999.8, 0, 13.4
261, 2010-09-19, -999.9, -1999.8, 0, -999.9, -1999.8, 0, -999.9, -1999.8, 0, 13.6
262, 2010-09-20, -999.9, -1999.8, 0, -999.9, -1999.8, 0, -999.9, -1999.8, 0, 13.7
263, 2010-09-21, -999.9, -1999.8, 0, -999.9, -1999.8, 0, -999.9, -1999.8, 0, 13.9
264, 2010-09-22, -999.9, -1999.8, 0, -999.9, -1999.8, 0, -999.9, -1999.8, 0, 14.1
265, 2010-09-23, -999.9, -1999.8, 0, -999.9, -1999.8, 0, -999.9, -1999.8, 0, 14.3
266, 2010-09-24, -999.9, -1999.8, 0, -999.9, -1999.8, 0, -999.9, -1999.8, 0, 14.4
267, 2010-09-25, -999.9, -1999.8, 0, -999.9, -1999.8, 0, -999.9, -1999.8, 0, 14.6
268, 2010-09-26, -999.9, -1999.8, 0, -999.9, -1999.8, 0, -999.9, -1999.8, 0, 14.7
269, 2010-09-27, -999.9, -1999.8, 0, -999.9, -1999.8, 0, -999.9, -1999.8, 0, 14.9
270, 2010-09-28, -999.9, -1999.8, 0, -999.9, -1999.8, 0, -999.9, -1999.8, 0, 15
271, 2010-09-29, -999.9, -1999.8, 0, -999.9, -1999.8, 0, -999.9, -1999.8, 0, 15.2
272, 2010-09-30, -999.9, -1999.8, 0, -999.9, -1999.8, 0, -999.9, -1999.8, 0, 15.4
273, 2010-10-01, -999.9, -1999.8, 0, -999.9, -1999.8, 0, -999.9, -1999.8, 0, 15.7
274, 2010-10-02, -999.9, -1999.8, 0, -999.9, -1999.8, 0, -999.9, -1999.8, 0, 15.9
275, 2010-10-03, -999.9, -1999.8, 0, -999.9, -1999.8, 0, -999.9, -1999.8, 0, 16.2
276, 2010-10-04, -999.9, -1999.8, 0, -999.9, -1999.8, 0, -999.9, -1999.8, 0, 16.4
277, 2010-10-05, -999.9, -1999.8, 0, -999.9, -1999.8, 0, -999.9, -1999.8, 0, 16.6
278, 2010-10-06, -999.9, -1999.8, 0, -999.9, -1999.8, 0, -999.9, -1999.8, 0, 16.9
279, 2010-10-07, -999.9, -1999.8, 0, -999.9, -1999.8, 0, -999.9, -1999.8, 0, 17.1
280, 2010-10-08, -999.9, -1999.8, 0, -999.9, -1999.8, 0, -999.9, -1999.8, 0, 17.3
281, 2010-10-09, -999.9, -1999.8, 0, -999.9, -1999.8, 0, -999.9, -1999.8, 0, 17.6
282, 2010-10-10, -999.9, -1999.8, 0, -999.9, -1999.8, 0, -999.9, -1999.8, 0, 17.9
283, 2010-10-11, -999.9, -1999.8, 0, -999.9, -1999.8, 0, -999.9, -1999.8, 0, 18.1
284, 2010-10-12, -999.9, -1999.8, 0, -999.9, -1999.8, 0, -999.9, -1999.8, 0, 18.4
285, 2010-10-13, -999.9, -1999.8, 0, -999.9, -1999.8, 0, -999.9, -1999.8, 0, 18.8
286, 2010-10-14, -999.9, -1999.8, 0, -999.9, -1999.8, 0, -999.9, -1999.8, 0, 19.3
287, 2010-10-15, -999.9, -1999.8, 0, -999.9, -1999.8, 0, -999.9, -1999.8, 0, 19.7
288, 2010-10-16, -999.9, -1999.8, 0, -999.9, -1999.8, 0, -999.9, -1999.8, 0, 20.2
289, 2010-10-17, -999.9, -1999.8, 0, -999.9, -1999.8, 0, -999.9, -1999.8, 0, 20.6
290, 2010-10-18, -999.9, -1999.8, 0, -999.9, -1999.8, 0, -999.9, -1999.8, 0, 21.1
291, 2010-10-19, -999.9, -1999.8, 0, -999.9, -1999.8, 0, -999.9, -1999.8, 0, 21.7
292, 2010-10-20, -999.9, -1999.8, 0, -999.9, -1999.8, 0, -999.9, -1999.8, 0, 22.3
293, 2010-10-21, -999.9, -1999.8, 0, -999.9, -1999.8, 0, -999.9, -1999.8, 0, 22.8
294, 2010-10-22, -999.9, -1999.8, 0, -999.9, -1999.8, 0, -999.9, -1999.8, 0, 23.4
295, 2010-10-23, -999.9, -1999.8, 0, -999.9, -1999.8, 0, -999.9, -1999.8, 0, 24
296, 2010-10-24, -999.9, -1999.8, 0, -999.9, -1999.8, 0, -999.9, -1999.8, 0, 24.6
297, 2010-10-25, -999.9, -1999.8, 0, -999.9, -1999.8, 0, -999.9, -1999.8, 0, 25.3
298, 2010-10-26, -999.9, -1999.8, 0, -999.9, -1999.8, 0, -999.9, -1999.8, 0, 26
299, 2010-10-27, -999.9, -1999.8, 0, -999.9, -1999.8, 0, -999.9, -1999.8, 0, 26.6
300, 2010-10-28, -999.9, -1999.8, 0, -999.9, -1999.8, 0, -999.9, -1999.8, 0, 27.3
301, 2010-10-29, -999.9, -1999.8, 0, -999.9, -1999.8, 0, -999.9, -1999.8, 0, 27.9
302, 2010-10-30, -999.9, -1999.8, 0, -999.9, -1999.8, 0, -999.9, -1999.8, 0, 28.6
303, 2010-10-31, -999.9, -1999.8, 0, -999.9, -1999.8, 0, -999.9, -1999.8, 0, 29.2
304, 2010-11-01, -999.9, -1999.8, 0, -999.9, -1999.8, 0, -999.9, -1999.8, 0, 29.8
305, 2010-11-02, -999.9, -1999.8, 0, -999.9, -1999.8, 0, -999.9, -1999.8, 0, 30.4
306, 2010-11-03, -999.9, -1999.8, 0, -999.9, -1999.8, 0, -999.9, -1999.8, 0, 31
307, 2010-11-04, -999.9, -1999.8, 0, -999.9, -1999.8, 0, -999.9, -1999.8, 0, 31.6
308, 2010-11-05, -999.9, -1999.8, 0, -999.9, -1999.8, 0, -999.9, -1999.8, 0, 32.3
309, 2010-11-06, -999.9, -1999.8, 0, -999.9, -1999.8, 0, -999.9, -1999.8, 0, 33
310, 2010-11-07, -999.9, -1999.8, 0, -999.9, -1999.8, 0, -999.9, -1999.8, 0, 33.6
311, 2010-11-08, -999.9, -1999.8, 0, -999.9, -1999.8, 0, -999.9, -1999.8, 0, 34.3
312, 2010-11-09, -999.9, -1999.8, 0, -999.9, -1999.8, 0, -999.9, -1999.8, 0, 34.9
313, 2010-11-10, -999.9, -1999.8, 0, -999.9, -1999.8, 0, -999.9, -1999.8, 0, 35.5
314, 2010-11-11, -999.9, -1999.8, 0, -999.9, -1999.8, 0, -999.9, -1999.8, 0, 36
315, 2010-11-12, -999.9, -1999.8, 0, -999.9, -1999.8, 0, -999.9, -1999.8, 0, 36.5
316, 2010-11-13, -999.9, -1999.8, 0, -999.9, -1999.8, 0, -999.9, -1999.8, 0, 37
317, 2010-11-14, -999.9, -1999.8, 0, -999.9, -1999.8, 0, -999.9, -1999.8, 0, 37.4
318, 2010-11-15, -999.9, -1999.8, 0, -999.9, -1999.8, 0, -999.9, -1999.8, 0, 37.9
319, 2010-11-16, -999.9, -1999.8, 0, -999.9, -1999.8, 0, -999.9, -1999.8, 0, 38.3
320, 2010-11-17, -999.9, -1999.8, 0, -999.9, -1999.8, 0, -999.9, -1999.8, 0, 38.8
321, 2010-11-18, -999.9, -1999.8, 0, -999.9, -1999.8, 0, -999.9, -1999.8, 0, 39.1
322, 2010-11-19, -999.9, -1999.8, 0, -999.9, -1999.8, 0, -999.9, -1999.8, 0, 39.5
323, 2010-11-20, -999.9, -1999.8, 0, -999.9, -1999.8, 0, -999.9, -1999.8, 0, 39.8
324, 2010-11-21, -999.9, -1999.8, 0, -999.9, -1999.8, 0, -999.9, -1999.8, 0, 40.1
325, 2010-11-22, -999.9, -1999.8, 0, -999.9, -1999.8, 0, -999.9, -1999.8, 0, 40.4
326, 2010-11-23, -999.9, -1999.8, 0, -999.9, -1999.8, 0, -999.9, -1999.8, 0, 40.6
327, 2010-11-24, -999.9, -1999.8, 0, -999.9, -1999.8, 0, -999.9, -1999.8, 0, 40.9
328, 2010-11-25, -999.9, -1999.8, 0, -999.9, -1999.8, 0, -999.9, -1999.8, 0, 41.1
329, 2010-11-26, -999.9, -1999.8, 0, -999.9, -1999.8, 0, -999.9, -1999.8, 0, 41.3
330, 2010-11-27, -999.9, -1999.8, 0, -999.9, -1999.8, 0, -999.9, -1999.8, 0, 41.4
331, 2010-11-28, -999.9, -1999.8, 0, -999.9, -1999.8, 0, -999.9, -1999.8, 0, 41.6
332, 2010-11-29, -999.9, -1999.8, 0, -999.9, -1999.8, 0, -999.9, -1999.8, 0, 41.7
333, 2010-11-30, -999.9, -1999.8, 0, -999.9, -1999.8, 0, -999.9, -1999.8, 0, 41.9
334, 2010-12-01, -999.9, -1999.8, 0, -999.9, -1999.8, 0, -999.9, -1999.8, 0, 42.1
335, 2010-12-02, -999.9, -1999.8, 0, -999.9, -1999.8, 0, -999.9, -1999.8, 0, 42.3
336, 2010-12-03, -999.9, -1999.8, 0, -999.9, -1999.8, 0, -999.9, -1999.8, 0, 42.4
337, 2010-12-04, -999.9, -1999.8, 0, -999.9, -1999.8, 0, -999.9, -1999.8, 0, 42.6
338, 2010-12-05, -999.9, -1999.8, 0, -999.9, -1999.8, 0, -999.9, -1999.8, 0, 42.7
339, 2010-12-06, -999.9, -1999.8, 0, -999.9, -1999.8, 0, -999.9, -1999.8, 0, 42.8
340, 2010-12-07, -999.9, -1999.8, 0, -999.9, -1999.8, 0, -999.9, -1999.8, 0, 43
341, 2010-12-08, -999.9, -1999.8, 0, -999.9, -1999.8, 0, -999.9, -1999.8, 0, 43.1
342, 2010-12-09, -999.9, -1999.8, 0, -999.9, -1999.8, 0, -999.9, -1999.8, 0, 43.1
343, 2010-12-10, -999.9, -1999.8, 0, -999.9, -1999.8, 0, -999.9, -1999.8, 0, 43.2
344, 2010-12-11, -999.9, -1999.8, 0, -999.9, -1999.8, 0, -999.9, -1999.8, 0, 43.2
345, 2010-12-12, -999.9, -1999.8, 0, -999.9, -1999.8, 0, -999.9, -1999.8, 0, 43.3
346, 2010-12-13, -999.9, -1999.8, 0, -999.9, -1999.8, 0, -999.9, -1999.8, 0, 43.3
347, 2010-12-14, -999.9, -1999.8, 0, -999.9, -1999.8, 0, -999.9, -1999.8, 0, 43.3
348, 2010-12-15, -999.9, -1999.8, 0, -999.9, -1999.8, 0, -999.9, -1999.8, 0, 43.3
349, 2010-12-16, -999.9, -1999.8, 0, -999.9, -1999.8, 0, -999.9, -1999.8, 0, 43.2
350, 2010-12-17, -999.9, -1999.8, 0, -999.9, -1999.8, 0, -999.9, -1999.8, 0, 43.2
351, 2010-12-18, -999.9, -1999.8, 0, -999.9, -1999.8, 0, -999.9, -1999.8, 0, 43.2
352, 2010-12-19, -999.9, -1999.8, 0, -999.9, -1999.8, 0, -999.9, -1999.8, 0, 43.2
353, 2010-12-20, -999.9, -1999.8, 0, -999.9, -1999.8, 0, -999.9, -1999.8, 0, 43.3
354, 2010-12-21, -999.9, -1999.8, 0, -999.9, -1999.8, 0, -999.9, -1999.8, 0, 43.3
355, 2010-12-22, -999.9, -1999.8, 0, -999.9, -1999.8, 0, -999.9, -1999.8, 0, 43.3
356, 2010-12-23, -999.9, -1999.8, 0, -999.9, -1999.8, 0, -999.9, -1999.8, 0, 43.4
357, 2010-12-24, -999.9, -1999.8, 0, -999.9, -1999.8, 0, -999.9, -1999.8, 0, 43.4
358, 2010-12-25, -999.9, -1999.8, 0, -999.9, -1999.8, 0, -999.9, -1999.8, 0, 43.5
359, 2010-12-26, -999.9, -1999.8, 0, -999.9, -1999.8, 0, -999.9, -1999.8, 0, 43.7
360, 2010-12-27, -999.9, -1999.8, 0, -999.9, -1999.8, 0, -999.9, -1999.8, 0, 43.8
361, 2010-12-28, -999.9, -1999.8, 0, -999.9, -1999.8, 0, -999.9, -1999.8, 0, 43.9
362, 2010-12-29, -999.9, -1999.8, 0, -999.9, -1999.8, 0, -999.9, -1999.8, 0, 44
363, 2010-12-30, -999.9, -1999.8, 0, -999.9, -1999.8, 0, -999.9, -1999.8, 0, 44.1
364, 2010-12-31, -999.9, -1999.8, 0, -999.9, -1999.8, 0, -999.9, -1999.8, 0, 44.2
