day, date, avg, avgh, avgl, hi, hih, hil, lo, loh, lol, precip
0, 2010-01-01, 49.1, 53.8, 44.4, 57, 61.6, 52.4, 41.3, 47.2, 35.4, 34.1
1, 2010-01-02, 49.1, 53.8, 44.4, 57, 61.6, 52.4, 41.3, 47.2, 35.4, 34.2
2, 2010-01-03, 49.2, 53.9, 44.5, 57, 61.6, 52.4, 41.3, 47.2, 35.4, 34.3
3, 2010-01-04, 49.2, 53.8, 44.6, 57, 61.6, 52.4, 41.3, 47.1, 35.5, 34.3
4, 2010-01-05, 49.2, 53.8, 44.6, 57, 61.6, 52.4, 41.4, 47.2, 35.6, 34.3
5, 2010-01-06, 49.2, 53.8, 44.6, 57, 61.6, 52.4, 41.4, 47.2, 35.6, 34.3
6, 2010-01-07, 49.2, 53.8, 44.6, 57, 61.6, 52.4, 41.4, 47.1, 35.7, 34.3
7, 2010-01-08, 49.3, 53.8, 44.8, 57.1, 61.7, 52.5, 41.5, 47.2, 35.8, 34.3
8, 2010-01-09, 49.3, 53.8, 44.8, 57.1, 61.7, 52.5, 41.5, 47.1, 35.9, 34.2
9, 2010-01-10, 49.3, 53.8, 44.8, 57.1, 61.7, 52.5, 41.6, 47.2, 36, 34.2
10, 2010-01-11, 49.4, 53.8, 45, 57.2, 61.8, 52.6, 41.6, 47.2, 36, 34.2
11, 2010-01-12, 49.4, 53.8, 45, 57.2, 61.8, 52.6, 41.7, 47.2, 36.2, 34.3
12, 2010-01-13, 49.5, 53.9, 45.1, 57.2, 61.8, 52.6, 41.7, 47.2, 36.2, 34.3
13, 2010-01-14, 49.5, 53.8, 45.2, 57.3, 61.9, 52.7, 41.8, 47.2, 36.4, 34.4
14, 2010-01-15, 49.6, 53.9, 45.3, 57.3, 61.9, 52.7, 41.9, 47.3, 36.5, 34.5
15, 2010-01-16, 49.7, 54, 45.4, 57.4, 62, 52.8, 41.9, 47.3, 36.5, 34.6
16, 2010-01-17, 49.7, 54, 45.4, 57.5, 62.1, 52.9, 42, 47.3, 36.7, 34.7
17, 2010-01-18, 49.8, 54.1, 45.5, 57.5, 62.1, 52.9, 42.1, 47.4, 36.8, 34.8
18, 2010-01-19, 49.9, 54.2, 45.6, 57.6, 62.2, 53, 42.2, 47.5, 36.9, 34.8
19, 2010-01-20, 50, 54.3, 45.7, 57.7, 62.3, 53.1, 42.3, 47.6, 37, 34.9
20, 2010-01-21, 50.1, 54.4, 45.8, 57.8, 62.4, 53.2, 42.4, 47.7, 37.1, 35.1
21, 2010-01-22, 50.2, 54.5, 45.9, 57.9, 62.5, 53.3, 42.5, 47.8, 37.2, 35.2
22, 2010-01-23, 50.3, 54.6, 46, 58, 62.6, 53.4, 42.6, 47.9, 37.3, 35.3
23, 2010-01-24, 50.4, 54.7, 46.1, 58.1, 62.8, 53.4, 42.7, 48, 37.4, 35.4
24, 2010-01-25, 50.5, 54.8, 46.2, 58.2, 62.9, 53.5, 42.8, 48.1, 37.5, 35.4
25, 2010-01-26, 50.6, 54.9, 46.3, 58.3, 63, 53.6, 42.9, 48.2, 37.6, 35.4
26, 2010-01-27, 50.7, 55, 46.4, 58.4, 63.1, 53.7, 43, 48.3, 37.7, 35.4
27, 2010-01-28, 50.8, 55.1, 46.5, 58.5, 63.2, 53.8, 43.1, 48.4, 37.8, 35.4
28, 2010-01-29, 50.9, 55.2, 46.6, 58.6, 63.3, 53.9, 43.2, 48.5, 37.9, 35.3
29, 2010-01-30, 51.1, 55.5, 46.7, 58.8, 63.5, 54.1, 43.4, 48.7, 38.1, 35.3
30, 2010-01-31, 51.2, 55.6, 46.8, 58.9, 63.7, 54.1, 43.5, 48.8, 38.2, 35.2
31, 2010-02-01, 51.3, 55.7, 46.9, 59, 63.8, 54.2, 43.6, 48.9, 38.3, 35.1
32, 2010-02-02, 51.5, 55.9, 47.1, 59.2, 64, 54.4, 43.7, 49, 38.4, 35.1
33, 2010-02-03, 51.6, 56, 47.2, 59.3, 64.1, 54.5, 43.8, 49.1, 38.5, 35.1
34, 2010-02-04, 51.7, 56.1, 47.3, 59.5, 64.3, 54.7, 44, 49.2, 38.8, 35.2
35, 2010-02-05, 51.9, 56.3, 47.5, 59.6, 64.4, 54.8, 44.1, 49.3, 38.9, 35.3
36, 2010-02-06, 52, 56.4, 47.6, 59.8, 64.7, 54.9, 44.2, 49.4, 39, 35.4
37, 2010-02-07, 52.1, 56.5, 47.7, 59.9, 64.8, 55, 44.3, 49.5, 39.1, 35.6
38, 2010-02-08, 52.3, 56.8, 47.8, 60.1, 65, 55.2, 44.5, 49.7, 39.3, 35.7
39, 2010-02-09, 52.4, 56.9, 47.9, 60.2, 65.1, 55.3, 44.6, 49.8, 39.4, 35.8
40, 2010-02-10, 52.6, 57.1, 48.1, 60.4, 65.4, 55.4, 44.7, 49.9, 39.5, 35.9
41, 2010-02-11, 52.7, 57.2, 48.2, 60.6, 65.6, 55.6, 44.8, 49.9, 39.7, 35.9
42, 2010-02-12, 52.8, 57.3, 48.3, 60.7, 65.7, 55.7, 45, 50.1, 39.9, 36
43, 2010-02-13, 53, 57.5, 48.5, 60.9, 66, 55.8, 45.1, 50.2, 40, 36
44, 2010-02-14, 53.1, 57.6, 48.6, 61, 66.1, 55.9, 45.2, 50.2, 40.2, 36.1
45, 2010-02-15, 53.3, 57.8, 48.8, 61.2, 66.3, 56.1, 45.3, 50.3, 40.3, 36.1
46, 2010-02-16, 53.4, 57.9, 48.9, 61.4, 66.5, 56.3, 45.4, 50.4, 40.4, 36.1
47, 2010-02-17, 53.5, 58, 49, 61.5, 66.7, 56.3, 45.5, 50.4, 40.6, 36.1
48, 2010-02-18, 53.7, 58.2, 49.2, 61.7, 66.9, 56.5, 45.7, 50.6, 40.8, 36.1
49, 2010-02-19, 53.8, 58.3, 49.3, 61.8, 67, 56.6, 45.8, 50.7, 40.9, 36
50, 2010-02-20, 53.9, 58.4, 49.4, 62, 67.2, 56.8, 45.9, 50.8, 41, 36
51, 2010-02-21, 54, 58.5, 49.5, 62.1, 67.4, 56.8, 46, 50.9, 41.1, 35.9
52, 2010-02-22, 54.2, 58.7, 49.7, 62.3, 67.6, 57, 46.1, 50.9, 41.3, 35.7
53, 2010-02-23, 54.3, 58.8, 49.8, 62.4, 67.7, 57.1, 46.2, 51, 41.4, 35.6
54, 2010-02-24, 54.4, 58.9, 49.9, 62.6, 67.9, 57.3, 46.3, 51.1, 41.5, 35.5
55, 2010-02-25, 54.5, 59, 50, 62.7, 68.1, 57.3, 46.4, 51.2, 41.6, 35.5
56, 2010-02-26, 54.6, 59.1, 50.1, 62.8, 68.2, 57.4, 46.4, 51.1, 41.7, 35.4
57, 2010-02-27, 54.7, 59.2, 50.2, 62.9, 68.4, 57.4, 46.5, 51.2, 41.8, 35.3
58, 2010-02-28, 54.8, 59.3, 50.3, 63.1, 68.6, 57.6, 46.6, 51.3, 41.9, 35.2
59, 2010-03-01, 54.9, 59.4, 50.4, 63.2, 68.7, 57.7, 46.7, 51.4, 42, 35
60, 2010-03-02, 55, 59.5, 50.5, 63.3, 68.9, 57.7, 46.8, 51.4, 42.2, 34.9
61, 2010-03-03, 55.1, 59.6, 50.6, 63.4, 69, 57.8, 46.9, 51.5, 42.3, 34.6
62, 2010-03-04, 55.2, 59.7, 50.7, 63.5, 69.1, 57.9, 46.9, 51.5, 42.3, 34.3
63, 2010-03-05, 55.3, 59.8, 50.8, 63.6, 69.3, 57.9, 47, 51.6, 42.4, 34
64, 2010-03-06, 55.4, 59.9, 50.9, 63.7, 69.4, 58, 47.1, 51.6, 42.6, 33.6
65, 2010-03-07, 55.5, 60, 51, 63.8, 69.5, 58.1, 47.1, 51.6, 42.6, 33.2
66, 2010-03-08, 55.6, 60.1, 51.1, 63.9, 69.7, 58.1, 47.2, 51.7, 42.7, 32.8
67, 2010-03-09, 55.6, 60.2, 51, 64, 69.8, 58.2, 47.3, 51.8, 42.8, 32.4
68, 2010-03-10, 55.7, 60.3, 51.1, 64.1, 69.9, 58.3, 47.3, 51.8, 42.8, 32
69, 2010-03-11, 55.8, 60.4, 51.2, 64.2, 70, 58.4, 47.4, 51.9, 42.9, 31.6
70, 2010-03-12, 55.8, 60.4, 51.2, 64.2, 70.1, 58.3, 47.5, 52, 43, 31.2
71, 2010-03-13, 55.9, 60.5, 51.3, 64.3, 70.2, 58.4, 47.5, 52, 43, 30.7
72, 2010-03-14, 56, 60.6, 51.4, 64.4, 70.3, 58.5, 47.6, 52.1, 43.1, 30.3
73, 2010-03-15, 56.1, 60.7, 51.5, 64.5, 70.4, 58.6, 47.6, 52.1, 43.1, 29.9
74, 2010-03-16, 56.1, 60.8, 51.4, 64.5, 70.5, 58.5, 47.7, 52.2, 43.2, 29.4
75, 2010-03-17, 56.2, 60.9, 51.5, 64.6, 70.6, 58.6, 47.8, 52.3, 43.3, 29
76, 2010-03-18, 56.3, 61, 51.6, 64.7, 70.7, 58.7, 47.8, 52.3, 43.3, 28.6
77, 2010-03-19, 56.3, 61, 51.6, 64.8, 70.9, 58.7, 47.9, 52.4, 43.4, 28.1
78, 2010-03-20, 56.4, 61.1, 51.7, 64.8, 70.9, 58.7, 47.9, 52.4, 43.4, 27.7
79, 2010-03-21, 56.5, 61.2, 51.8, 64.9, 71.1, 58.7, 48, 52.4, 43.6, 27.3
80, 2010-03-22, 56.5, 61.2, 51.8, 65, 71.2, 58.8, 48.1, 52.5, 43.7, 26.9
81, 2010-03-23, 56.6, 61.4, 51.8, 65, 71.2, 58.8, 48.1, 52.5, 43.7, 26.5
82, 2010-03-24, 56.7, 61.5, 51.9, 65.1, 71.4, 58.8, 48.2, 52.6, 43.8, 26.1
83, 2010-03-25, 56.7, 61.5, 51.9, 65.2, 71.5, 58.9, 48.3, 52.7, 43.9, 25.7
84, 2010-03-26, 56.8, 61.6, 52, 65.3, 71.7, 58.9, 48.3, 52.7, 43.9, 25.3
85, 2010-03-27, 56.9, 61.7, 52.1, 65.3, 71.7, 58.9, 48.4, 52.8, 44, 24.9
86, 2010-03-28, 56.9, 61.7, 52.1, 65.4, 71.8, 59, 48.5, 52.9, 44.1, 24.5
87, 2010-03-29, 57, 61.8, 52.2, 65.5, 71.9, 59.1, 48.5, 52.9, 44.1, 24.1
88, 2010-03-30, 57.1, 61.9, 52.3, 65.6, 72.1, 59.1, 48.6, 53, 44.2, 23.7
89, 2010-03-31, 57.2, 62, 52.4, 65.7, 72.2, 59.2, 48.7, 53, 44.4, 23.3
90, 2010-04-01, 57.3, 62.1, 52.5, 65.8, 72.3, 59.3, 48.8, 53.1, 44.5, 22.9
91, 2010-04-02, 57.4, 62.2, 52.6, 65.9, 72.4, 59.4, 48.8, 53.1, 44.5, 22.6
92, 2010-04-03, 57.4, 62.3, 52.5, 66, 72.6, 59.4, 48.9, 53.2, 44.6, 22.3
93, 2010-04-04, 57.5, 62.4, 52.6, 66.1, 72.7, 59.5, 49, 53.3, 44.7, 22
94, 2010-04-05, 57.6, 62.5, 52.7, 66.2, 72.8, 59.6, 49.1, 53.4, 44.8, 21.8
95, 2010-04-06, 57.7, 62.6, 52.8, 66.3, 73, 59.6, 49.2, 53.5, 44.9, 21.5
96, 2010-04-07, 57.8, 62.7, 52.9, 66.4, 73.1, 59.7, 49.3, 53.6, 45, 21.2
97, 2010-04-08, 57.9, 62.8, 53, 66.5, 73.3, 59.7, 49.4, 53.7, 45.1, 21
98, 2010-04-09, 58, 62.9, 53.1, 66.6, 73.4, 59.8, 49.4, 53.7, 45.1, 20.8
99, 2010-04-10, 58.1, 63, 53.2, 66.7, 73.5, 59.9, 49.5, 53.8, 45.2, 20.6
100, 2010-04-11, 58.2, 63.2, 53.2, 66.8, 73.7, 59.9, 49.6, 53.8, 45.4, 20.4
101, 2010-04-12, 58.3, 63.3, 53.3, 67, 73.9, 60.1, 49.7, 53.9, 45.5, 20.2
102, 2010-04-13, 58.4, 63.4, 53.4, 67.1, 74.1, 60.1, 49.8, 54, 45.6, 19.9
103, 2010-04-14, 58.6, 63.6, 53.6, 67.2, 74.2, 60.2, 49.9, 54.1, 45.7, 19.7
104, 2010-04-15, 58.7, 63.7, 53.7, 67.3, 74.4, 60.2, 50, 54.2, 45.8, 19.4
105, 2010-04-16, 58.8, 63.8, 53.8, 67.4, 74.5, 60.3, 50.1, 54.3, 45.9, 19.1
106, 2010-04-17, 58.9, 63.9, 53.9, 67.6, 74.7, 60.5, 50.2, 54.3, 46.1, 18.9
107, 2010-04-18, 59, 64, 54, 67.7, 74.9, 60.5, 50.3, 54.4, 46.2, 18.6
108, 2010-04-19, 59.1, 64.2, 54, 67.8, 75, 60.6, 50.4, 54.5, 46.3, 18.3
109, 2010-04-20, 59.2, 64.3, 54.1, 67.9, 75.1, 60.7, 50.5, 54.6, 46.4, 18
110, 2010-04-21, 59.3, 64.4, 54.2, 68.1, 75.3, 60.9, 50.6, 54.7, 46.5, 17.7
111, 2010-04-22, 59.5, 64.6, 54.4, 68.2, 75.5, 60.9, 50.7, 54.7, 46.7, 17.4
112, 2010-04-23, 59.6, 64.7, 54.5, 68.3, 75.6, 61, 50.8, 54.8, 46.8, 17.1
113, 2010-04-24, 59.7, 64.8, 54.6, 68.4, 75.7, 61.1, 50.9, 54.9, 46.9, 16.8
114, 2010-04-25, 59.8, 64.9, 54.7, 68.5, 75.8, 61.2, 51, 55, 47, 16.4
115, 2010-04-26, 59.9, 65, 54.8, 68.7, 76, 61.4, 51.1, 55.1, 47.1, 16.1
116, 2010-04-27, 60, 65.1, 54.9, 68.8, 76.1, 61.5, 51.2, 55.1, 47.3, 15.8
117, 2010-04-28, 60.1, 65.2, 55, 68.9, 76.3, 61.5, 51.3, 55.2, 47.4, 15.5
118, 2010-04-29, 60.2, 65.3, 55.1, 69, 76.4, 61.6, 51.4, 55.3, 47.5, 15.2
119, 2010-04-30, 60.3, 65.4, 55.2, 69.1, 76.5, 61.7, 51.5, 55.4, 47.6, 14.9
120, 2010-05-01, 60.4, 65.5, 55.3, 69.2, 76.6, 61.8, 51.7, 55.6, 47.8, 14.6
121, 2010-05-02, 60.5, 65.6, 55.4, 69.3, 76.7, 61.9, 51.8, 55.7, 47.9, 14.3
122, 2010-05-03, 60.6, 65.7, 55.5, 69.4, 76.8, 62, 51.9, 55.8, 48, 14
123, 2010-05-04, 60.8, 65.9, 55.7, 69.5, 77, 62, 52, 55.9, 48.1, 13.6
124, 2010-05-05, 60.9, 66, 55.8, 69.7, 77.2, 62.2, 52.1, 56, 48.2, 13.3
125, 2010-05-06, 61, 66.1, 55.9, 69.8, 77.3, 62.3, 52.2, 56.1, 48.3, 13
126, 2010-05-07, 61.1, 66.2, 56, 69.9, 77.4, 62.4, 52.3, 56.2, 48.4, 12.6
127, 2010-05-08, 61.2, 66.3, 56.1, 70, 77.4, 62.6, 52.4, 56.3, 48.5, 12.2
128, 2010-05-09, 61.3, 66.4, 56.2, 70.1, 77.5, 62.7, 52.5, 56.4, 48.6, 11.9
129, 2010-05-10, 61.4, 66.5, 56.3, 70.2, 77.6, 62.8, 52.6, 56.4, 48.8, 11.5
130, 2010-05-11, 61.5, 66.6, 56.4, 70.3, 77.7, 62.9, 52.7, 56.5, 48.9, 11.2
131, 2010-05-12, 61.6, 66.7, 56.5, 70.4, 77.8, 63, 52.8, 56.6, 49, 10.9
132, 2010-05-13, 61.7, 66.8, 56.6, 70.5, 77.9, 63.1, 52.9, 56.7, 49.1, 10.6
133, 2010-05-14, 61.8, 66.9, 56.7, 70.6, 78, 63.2, 53, 56.8, 49.2, 10.3
134, 2010-05-15, 61.9, 67, 56.8, 70.7, 78, 63.4, 53.1, 56.9, 49.3, 10
135, 2010-05-16, 62, 67, 57, 70.8, 78.1, 63.5, 53.2, 57, 49.4, 9.7
136, 2010-05-17, 62.1, 67.1, 57.1, 70.9, 78.2, 63.6, 53.3, 57.1, 49.5, 9.5
137, 2010-05-18, 62.2, 67.2, 57.2, 71, 78.3, 63.7, 53.4, 57.2, 49.6, 9.2
138, 2010-05-19, 62.3, 67.3, 57.3, 71.1, 78.3, 63.9, 53.5, 57.2, 49.8, 8.9
139, 2010-05-20, 62.4, 67.3, 57.5, 71.2, 78.4, 64, 53.6, 57.3, 49.9, 8.7
140, 2010-05-21, 62.5, 67.4, 57.6, 71.3, 78.5, 64.1, 53.7, 57.4, 50, 8.5
141, 2010-05-22, 62.6, 67.5, 57.7, 71.4, 78.6, 64.2, 53.8, 57.5, 50.1, 8.3
142, 2010-05-23, 62.7, 67.6, 57.8, 71.5, 78.6, 64.4, 53.9, 57.6, 50.2, 8.1
143, 2010-05-24, 62.8, 67.7, 57.9, 71.6, 78.7, 64.5, 54, 57.7, 50.3, 7.9
144, 2010-05-25, 62.9, 67.8, 58, 71.7, 78.8, 64.6, 54.1, 57.8, 50.4, 7.7
145, 2010-05-26, 63.1, 67.9, 58.3, 71.9, 79, 64.8, 54.2, 57.9, 50.5, 7.5
146, 2010-05-27, 63.2, 68, 58.4, 72, 79.1, 64.9, 54.4, 58.1, 50.7, 7.2
147, 2010-05-28, 63.3, 68.1, 58.5, 72.1, 79.1, 65.1, 54.5, 58.2, 50.8, 7
148, 2010-05-29, 63.4, 68.2, 58.6, 72.3, 79.3, 65.3, 54.6, 58.3, 50.9, 6.8
149, 2010-05-30, 63.5, 68.3, 58.7, 72.4, 79.4, 65.4, 54.7, 58.4, 51, 6.6
150, 2010-05-31, 63.7, 68.5, 58.9, 72.5, 79.5, 65.5, 54.8, 58.5, 51.1, 6.4
151, 2010-06-01, 63.8, 68.6, 59, 72.7, 79.7, 65.7, 54.9, 58.6, 51.2, 6.2
152, 2010-06-02, 63.9, 68.7, 59.1, 72.8, 79.8, 65.8, 55, 58.7, 51.3, 6
153, 2010-06-03, 64, 68.8, 59.2, 73, 80, 66, 55.1, 58.8, 51.4, 5.8
154, 2010-06-04, 64.2, 69, 59.4, 73.1, 80.1, 66.1, 55.2, 58.9, 51.5, 5.6
155, 2010-06-05, 64.3, 69.1, 59.5, 73.2, 80.3, 66.1, 55.3, 59, 51.6, 5.4
156, 2010-06-06, 64.4, 69.2, 59.6, 73.4, 80.5, 66.3, 55.4, 59.1, 51.7, 5.3
157, 2010-06-07, 64.6, 69.4, 59.8, 73.6, 80.7, 66.5, 55.5, 59.2, 51.8, 5.1
158, 2010-06-08, 64.7, 69.6, 59.8, 73.7, 80.8, 66.6, 55.7, 59.4, 52, 4.9
159, 2010-06-09, 64.8, 69.7, 59.9, 73.9, 81.1, 66.7, 55.8, 59.5, 52.1, 4.7
160, 2010-06-10, 64.9, 69.8, 60, 74, 81.2, 66.8, 55.9, 59.6, 52.2, 4.5
161, 2010-06-11, 65.1, 70, 60.2, 74.2, 81.4, 67, 56, 59.7, 52.3, 4.3
162, 2010-06-12, 65.2, 70.2, 60.2, 74.3, 81.6, 67, 56.1, 59.8, 52.4, 4.1
163, 2010-06-13, 65.3, 70.3, 60.3, 74.5, 81.8, 67.2, 56.2, 59.9, 52.5, 3.9
164, 2010-06-14, 65.4, 70.4, 60.4, 74.6, 81.9, 67.3, 56.3, 60, 52.6, 3.7
165, 2010-06-15, 65.6, 70.6, 60.6, 74.8, 82.2, 67.4, 56.3, 60, 52.6, 3.6
166, 2010-06-16, 65.7, 70.7, 60.7, 75, 82.4, 67.6, 56.4, 60.1, 52.7, 3.4
167, 2010-06-17, 65.8, 70.8, 60.8, 75.1, 82.5, 67.7, 56.5, 60.2, 52.8, 3.2
168, 2010-06-18, 65.9, 70.9, 60.9, 75.2, 82.6, 67.8, 56.6, 60.3, 52.9, 3
169, 2010-06-19, 66, 71, 61, 75.4, 82.8, 68, 56.7, 60.4, 53, 2.9
170, 2010-06-20, 66.2, 71.2, 61.2, 75.5, 82.9, 68.1, 56.8, 60.5, 53.1, 2.7
171, 2010-06-21, 66.3, 71.3, 61.3, 75.7, 83.1, 68.3, 56.8, 60.4, 53.2, 2.6
172, 2010-06-22, 66.4, 71.4, 61.4, 75.8, 83.2, 68.4, 56.9, 60.5, 53.3, 2.4
173, 2010-06-23, 66.5, 71.5, 61.5, 75.9, 83.3, 68.5, 57, 60.6, 53.4, 2.3
174, 2010-06-24, 66.6, 71.6, 61.6, 76.1, 83.5, 68.7, 57.1, 60.7, 53.5, 2.2
175, 2010-06-25, 66.6, 71.5, 61.7, 76.2, 83.6, 68.8, 57.1, 60.7, 53.5, 2
176, 2010-06-26, 66.7, 71.6, 61.8, 76.3, 83.7, 68.9, 57.2, 60.8, 53.6, 2
177, 2010-06-27, 66.8, 71.7, 61.9, 76.4, 83.8, 69, 57.2, 60.7, 53.7, 1.9
178, 2010-06-28, 66.9, 71.8, 62, 76.5, 83.8, 69.2, 57.3, 60.8, 53.8, 1.8
179, 2010-06-29, 67, 71.8, 62.2, 76.6, 83.9, 69.3, 57.3, 60.8, 53.8, 1.7
180, 2010-06-30, 67, 71.8, 62.2, 76.7, 84, 69.4, 57.4, 60.8, 54, 1.6
181, 2010-07-01, 67.1, 71.9, 62.3, 76.7, 84, 69.4, 57.4, 60.8, 54, 1.5
182, 2010-07-02, 67.1, 71.9, 62.3, 76.8, 84, 69.6, 57.5, 60.9, 54.1, 1.4
183, 2010-07-03, 67.2, 71.9, 62.5, 76.9, 84.1, 69.7, 57.5, 60.9, 54.1, 1.3
184, 2010-07-04, 67.2, 71.9, 62.5, 76.9, 84.1, 69.7, 57.6, 60.9, 54.3, 1.2
185, 2010-07-05, 67.3, 71.9, 62.7, 77, 84.1, 69.9, 57.6, 60.9, 54.3, 1.1
186, 2010-07-06, 67.3, 71.9, 62.7, 77, 84.1, 69.9, 57.6, 60.9, 54.3, 1
187, 2010-07-07, 67.4, 72, 62.8, 77.1, 84.1, 70.1, 57.6, 60.8, 54.4, 0.9
188, 2010-07-08, 67.4, 71.9, 62.9, 77.1, 84.1, 70.1, 57.7, 60.9, 54.5, 0.9
189, 2010-07-09, 67.4, 71.9, 62.9, 77.1, 84, 70.2, 57.7, 60.9, 54.5, 0.9
190, 2010-07-10, 67.4, 71.8, 63, 77.2, 84.1, 70.3, 57.7, 60.8, 54.6, 0.8
191, 2010-07-11, 67.5, 71.9, 63.1, 77.2, 84, 70.4, 57.7, 60.8, 54.6, 0.8
192, 2010-07-12, 67.5, 71.8, 63.2, 77.2, 83.9, 70.5, 57.8, 60.9, 54.7, 0.7
193, 2010-07-13, 67.5, 71.8, 63.2, 77.2, 83.9, 70.5, 57.8, 60.8, 54.8, 0.7
194, 2010-07-14, 67.5, 71.8, 63.2, 77.2, 83.8, 70.6, 57.8, 60.8, 54.8, 0.7
195, 2010-07-15, 67.5, 71.7, 63.3, 77.2, 83.8, 70.6, 57.8, 60.8, 54.8, 0.7
196, 2010-07-16, 67.5, 71.7, 63.3, 77.2, 83.8, 70.6, 57.8, 60.8, 54.8, 0.6
197, 2010-07-17, 67.5, 71.7, 63.3, 77.2, 83.7, 70.7, 57.8, 60.8, 54.8, 0.6
198, 2010-07-18, 67.5, 71.7, 63.3, 77.2, 83.7, 70.7, 57.9, 60.9, 54.9, 0.6
199, 2010-07-19, 67.5, 71.6, 63.4, 77.2, 83.7, 70.7, 57.9, 60.9, 54.9, 0.6
200, 2010-07-20, 67.5, 71.6, 63.4, 77.2, 83.7, 70.7, 57.9, 60.8, 55, 0.6
201, 2010-07-21, 67.5, 71.6, 63.4, 77.2, 83.6, 70.8, 57.9, 60.8, 55, 0.6
202, 2010-07-22, 67.5, 71.6, 63.4, 77.2, 83.6, 70.8, 57.9, 60.8, 55, 0.6
203, 2010-07-23, 67.5, 71.6, 63.4, 77.1, 83.5, 70.7, 57.9, 60.8, 55, 0.6
204, 2010-07-24, 67.5, 71.6, 63.4, 77.1, 83.5, 70.7, 57.9, 60.8, 55, 0.6
205, 2010-07-25, 67.5, 71.6, 63.4, 77.1, 83.5, 70.7, 58, 60.9, 55.1, 0.6
206, 2010-07-26, 67.5, 71.6, 63.4, 77.1, 83.5, 70.7, 58, 60.9, 55.1, 0.6
207, 2010-07-27, 67.5, 71.6, 63.4, 77.1, 83.5, 70.7, 58, 60.8, 55.2, 0.6
208, 2010-07-28, 67.5, 71.5, 63.5, 77.1, 83.5, 70.7, 58, 60.8, 55.2, 0.6
209, 2010-07-29, 67.6, 71.6, 63.6, 77.1, 83.5, 70.7, 58, 60.8, 55.2, 0.6
210, 2010-07-30, 67.6, 71.6, 63.6, 77.1, 83.5, 70.7, 58.1, 60.9, 55.3, 0.6
211, 2010-07-31, 67.6, 71.6, 63.6, 77.1, 83.5, 70.7, 58.1, 60.9, 55.3, 0.7
212, 2010-08-01, 67.6, 71.6, 63.6, 77.1, 83.4, 70.8, 58.1, 60.8, 55.4, 0.7
213, 2010-08-02, 67.6, 71.5, 63.7, 77.1, 83.4, 70.8, 58.1, 60.8, 55.4, 0.7
214, 2010-08-03, 67.6, 71.5, 63.7, 77.1, 83.4, 70.8, 58.1, 60.8, 55.4, 0.7
215, 2010-08-04, 67.6, 71.5, 63.7, 77.1, 83.3, 70.9, 58.2, 60.9, 55.5, 0.8
216, 2010-08-05, 67.6, 71.4, 63.8, 77.1, 83.3, 70.9, 58.2, 60.9, 55.5, 0.8
217, 2010-08-06, 67.7, 71.5, 63.9, 77.1, 83.3, 70.9, 58.2, 60.9, 55.5, 0.9
218, 2010-08-07, 67.7, 71.5, 63.9, 77.1, 83.3, 70.9, 58.2, 60.9, 55.5, 0.9
219, 2010-08-08, 67.7, 71.5, 63.9, 77.1, 83.3, 70.9, 58.3, 61, 55.6, 0.9
220, 2010-08-09, 67.7, 71.5, 63.9, 77.2, 83.4, 71, 58.3, 61, 55.6, 1
221, 2010-08-10, 67.8, 71.6, 64, 77.2, 83.4, 71, 58.3, 61, 55.6, 1
222, 2010-08-11, 67.8, 71.6, 64, 77.2, 83.4, 71, 58.3, 61, 55.6, 1
223, 2010-08-12, 67.8, 71.6, 64, 77.2, 83.4, 71, 58.4, 61.1, 55.7, 1.1
224, 2010-08-13, 67.8, 71.6, 64, 77.3, 83.5, 71.1, 58.4, 61.1, 55.7, 1.1
225, 2010-08-14, 67.9, 71.7, 64.1, 77.3, 83.5, 71.1, 58.4, 61.1, 55.7, 1.2
226, 2010-08-15, 67.9, 71.7, 64.1, 77.3, 83.5, 71.1, 58.4, 61.1, 55.7, 1.2
227, 2010-08-16, 67.9, 71.7, 64.1, 77.4, 83.6, 71.2, 58.5, 61.2, 55.8, 1.3
228, 2010-08-17, 67.9, 71.7, 64.1, 77.4, 83.6, 71.2, 58.5, 61.2, 55.8, 1.3
229, 2010-08-18, 68, 71.8, 64.2, 77.4, 83.6, 71.2, 58.5, 61.3, 55.7, 1.3
230, 2010-08-19, 68, 71.9, 64.1, 77.5, 83.7, 71.3, 58.5, 61.3, 55.7, 1.4
231, 2010-08-20, 68, 71.9, 64.1, 77.5, 83.7, 71.3, 58.5, 61.3, 55.7, 1.4
232, 2010-08-21, 68, 71.9, 64.1, 77.6, 83.8, 71.4, 58.5, 61.3, 55.7, 1.5
233, 2010-08-22, 68.1, 72, 64.2, 77.6, 83.8, 71.4, 58.5, 61.3, 55.7, 1.5
234, 2010-08-23, 68.1, 72, 64.2, 77.6, 83.8, 71.4, 58.6, 61.5, 55.7, 1.6
235, 2010-08-24, 68.1, 72, 64.2, 77.7, 83.9, 71.5, 58.6, 61.5, 55.7, 1.6
236, 2010-08-25, 68.1, 72, 64.2, 77.7, 83.9, 71.5, 58.6, 61.5, 55.7, 1.7
237, 2010-08-26, 68.1, 72, 64.2, 77.7, 84, 71.4, 58.5, 61.4, 55.6, 1.8
238, 2010-08-27, 68.1, 72.1, 64.1, 77.7, 84, 71.4, 58.5, 61.5, 55.5, 1.8
239, 2010-08-28, 68.1, 72.1, 64.1, 77.8, 84.1, 71.5, 58.5, 61.5, 55.5, 2
240, 2010-08-29, 68.1, 72.1, 64.1, 77.8, 84.1, 71.5, 58.5, 61.5, 55.5, 2.1
241, 2010-08-30, 68.1, 72.2, 64, 77.8, 84.1, 71.5, 58.5, 61.5, 55.5, 2.2
242, 2010-08-31, 68.1, 72.2, 64, 77.8, 84.2, 71.4, 58.5, 61.6, 55.4, 2.3
243, 2010-09-01, 68.1, 72.2, 64, 77.8, 84.2, 71.4, 58.4, 61.5, 55.3, 2.4
244, 2010-09-02, 68.1, 72.3, 63.9, 77.8, 84.3, 71.3, 58.4, 61.6, 55.2, 2.5
245, 2010-09-03, 68.1, 72.3, 63.9, 77.8, 84.3, 71.3, 58.4, 61.6, 55.2, 2.6
246, 2010-09-04, 68.1, 72.3, 63.9, 77.8, 84.3, 71.3, 58.3, 61.5, 55.1, 2.8
247, 2010-09-05, 68, 72.3, 63.7, 77.8, 84.3, 71.3, 58.3, 61.5, 55.1, 2.9
248, 2010-09-06, 68, 72.3, 63.7, 77.8, 84.4, 71.2, 58.3, 61.6, 55, 3
249, 2010-09-07, 68, 72.3, 63.7, 77.7, 84.3, 71.1, 58.2, 61.5, 54.9, 3.1
250, 2010-09-08, 67.9, 72.2, 63.6, 77.7, 84.3, 71.1, 58.2, 61.5, 54.9, 3.3
251, 2010-09-09, 67.9, 72.2, 63.6, 77.7, 84.3, 71.1, 58.1, 61.4, 54.8, 3.4
252, 2010-09-10, 67.8, 72.2, 63.4, 77.6, 84.3, 70.9, 58, 61.3, 54.7, 3.5
253, 2010-09-11, 67.8, 72.2, 63.4, 77.6, 84.3, 70.9, 58, 61.3, 54.7, 3.7
254, 2010-09-12, 67.7, 72.1, 63.3, 77.5, 84.2, 70.8, 57.9, 61.3, 54.5, 3.8
255, 2010-09-13, 67.6, 72, 63.2, 77.5, 84.2, 70.8, 57.8, 61.2, 54.4, 3.9
256, 2010-09-14, 67.6, 72, 63.2, 77.4, 84.2, 70.6, 57.7, 61.1, 54.3, 4.1
257, 2010-09-15, 67.5, 71.9, 63.1, 77.3, 84.1, 70.5, 57.7, 61.1, 54.3, 4.2
258, 2010-09-16, 67.4, 71.8, 63, 77.3, 84.1, 70.5, 57.6, 61, 54.2, 4.4
259, 2010-09-17, 67.3, 71.7, 62.9, 77.2, 84, 70.4, 57.5, 60.9, 54.1, 4.6
260, 2010-09-18, 67.2, 71.7, 62.7, 77.1, 83.9, 70.3, 57.4, 60.8, 54, 4.7
261, 2010-09-19, 67.2, 71.7, 62.7, 77, 83.8, 70.2, 57.3, 60.7, 53.9, 4.9
262, 2010-09-20, 67.1, 71.6, 62.6, 76.9, 83.7, 70.1, 57.2, 60.6, 53.8, 5.1
263, 2010-09-21, 67, 71.5, 62.5, 76.8, 83.6, 70, 57.1, 60.5, 53.7, 5.2
264, 2010-09-22, 66.9, 71.4, 62.4, 76.7, 83.5, 69.9, 57, 60.4, 53.6, 5.4
265, 2010-09-23, 66.8, 71.3, 62.3, 76.6, 83.5, 69.7, 56.9, 60.3, 53.5, 5.5
266, 2010-09-24, 66.6, 71.1, 62.1, 76.5, 83.4, 69.6, 56.8, 60.2, 53.4, 5.7
267, 2010-09-25, 66.5, 71, 62, 76.4, 83.3, 69.5, 56.7, 60.1, 53.3, 5.8
268, 2010-09-26, 66.4, 70.9, 61.9, 76.2, 83.1, 69.3, 56.6, 60, 53.2, 5.9
269, 2010-09-27, 66.3, 70.8, 61.8, 76.1, 83, 69.2, 56.5, 59.9, 53.1, 6
270, 2010-09-28, 66.2, 70.7, 61.7, 76, 82.9, 69.1, 56.3, 59.7, 52.9, 6.2
271, 2010-09-29, 66, 70.5, 61.5, 75.8, 82.7, 68.9, 56.2, 59.6, 52.8, 6.3
272, 2010-09-30, 65.9, 70.4, 61.4, 75.7, 82.6, 68.8, 56.1, 59.5, 52.7, 6.5
273, 2010-10-01, 65.8, 70.3, 61.3, 75.6, 82.5, 68.7, 56, 59.4, 52.6, 6.6
274, 2010-10-02, 65.6, 70.1, 61.1, 75.4, 82.3, 68.5, 55.9, 59.3, 52.5, 6.9
275, 2010-10-03, 65.5, 70, 61, 75.3, 82.2, 68.4, 55.7, 59.1, 52.3, 7.1
276, 2010-10-04, 65.4, 69.9, 60.9, 75.1, 81.9, 68.3, 55.6, 59, 52.2, 7.3
277, 2010-10-05, 65.2, 69.7, 60.7, 75, 81.8, 68.2, 55.5, 58.9, 52.1, 7.6
278, 2010-10-06, 65.1, 69.6, 60.6, 74.8, 81.6, 68, 55.3, 58.7, 51.9, 7.8
279, 2010-10-07, 64.9, 69.4, 60.4, 74.6, 81.4, 67.8, 55.2, 58.6, 51.8, 8.1
280, 2010-10-08, 64.7, 69.2, 60.2, 74.4, 81.2, 67.6, 55, 58.4, 51.6, 8.3
281, 2010-10-09, 64.6, 69, 60.2, 74.3, 81.1, 67.5, 54.9, 58.3, 51.5, 8.6
282, 2010-10-10, 64.4, 68.8, 60, 74.1, 80.8, 67.4, 54.8, 58.2, 51.4, 8.9
283, 2010-10-11, 64.3, 68.7, 59.9, 73.9, 80.6, 67.2, 54.6, 58, 51.2, 9.2
284, 2010-10-12, 64.1, 68.5, 59.7, 73.7, 80.4, 67, 54.5, 57.9, 51.1, 9.5
285, 2010-10-13, 63.9, 68.3, 59.5, 73.5, 80.1, 66.9, 54.3, 57.7, 50.9, 9.8
286, 2010-10-14, 63.7, 68.1, 59.3, 73.3, 79.9, 66.7, 54.1, 57.6, 50.6, 10.2
287, 2010-10-15, 63.5, 67.9, 59.1, 73.1, 79.7, 66.5, 54, 57.5, 50.5, 10.5
288, 2010-10-16, 63.4, 67.8, 59, 72.9, 79.4, 66.4, 53.8, 57.3, 50.3, 10.9
289, 2010-10-17, 63.2, 67.6, 58.8, 72.7, 79.2, 66.2, 53.7, 57.2, 50.2, 11.3
290, 2010-10-18, 63, 67.3, 58.7, 72.5, 78.9, 66.1, 53.5, 57.1, 49.9, 11.7
291, 2010-10-19, 62.8, 67.1, 58.5, 72.2, 78.5, 65.9, 53.3, 56.9, 49.7, 12.2
292, 2010-10-20, 62.6, 66.9, 58.3, 72, 78.3, 65.7, 53.1, 56.7, 49.5, 12.6
293, 2010-10-21, 62.4, 66.7, 58.1, 71.8, 78, 65.6, 53, 56.6, 49.4, 13.1
294, 2010-10-22, 62.2, 66.5, 57.9, 71.5, 77.6, 65.4, 52.8, 56.5, 49.1, 13.5
295, 2010-10-23, 61.9, 66.1, 57.7, 71.3, 77.4, 65.2, 52.6, 56.3, 48.9, 14
296, 2010-10-24, 61.7, 65.9, 57.5, 71, 77, 65, 52.4, 56.2, 48.6, 14.5
297, 2010-10-25, 61.5, 65.7, 57.3, 70.8, 76.7, 64.9, 52.2, 56, 48.4, 15
298, 2010-10-26, 61.3, 65.5, 57.1, 70.5, 76.4, 64.6, 52, 55.8, 48.2, 15.6
299, 2010-10-27, 61, 65.2, 56.8, 70.2, 76, 64.4, 51.8, 55.7, 47.9, 16.1
300, 2010-10-28, 60.8, 65, 56.6, 70, 75.8, 64.2, 51.6, 55.5, 47.7, 16.6
301, 2010-10-29, 60.5, 64.7, 56.3, 69.7, 75.4, 64, 51.4, 55.4, 47.4, 17.1
302, 2010-10-30, 60.3, 64.5, 56.1, 69.4, 75.1, 63.7, 51.2, 55.2, 47.2, 17.6
303, 2010-10-31, 60, 64.2, 55.8, 69.1, 74.7, 63.5, 51, 55.1, 46.9, 18
304, 2010-11-01, 59.8, 64, 55.6, 68.8, 74.4, 63.2, 50.8, 54.9, 46.7, 18.5
305, 2010-11-02, 59.5, 63.7, 55.3, 68.5, 74, 63, 50.6, 54.8, 46.4, 18.9
306, 2010-11-03, 59.3, 63.5, 55.1, 68.2, 73.7, 62.7, 50.3, 54.5, 46.1, 19.4
307, 2010-11-04, 59, 63.2, 54.8, 67.9, 73.4, 62.4, 50.1, 54.4, 45.8, 19.8
308, 2010-11-05, 58.7, 62.9, 54.5, 67.6, 73, 62.2, 49.9, 54.3, 45.5, 20.3
309, 2010-11-06, 58.5, 62.7, 54.3, 67.3, 72.7, 61.9, 49.7, 54.1, 45.3, 20.7
310, 2010-11-07, 58.2, 62.4, 54, 67, 72.3, 61.7, 49.4, 53.9, 44.9, 21.2
311, 2010-11-08, 57.9, 62.1, 53.7, 66.7, 72, 61.4, 49.2, 53.7, 44.7, 21.7
312, 2010-11-09, 57.7, 61.9, 53.5, 66.4, 71.6, 61.2, 49, 53.6, 44.4, 22.2
313, 2010-11-10, 57.4, 61.6, 53.2, 66, 71.2, 60.8, 48.7, 53.3, 44.1, 22.7
314, 2010-11-11, 57.1, 61.3, 52.9, 65.7, 70.9, 60.5, 48.5, 53.1, 43.9, 23.1
315, 2010-11-12, 56.8, 61, 52.6, 65.4, 70.5, 60.3, 48.3, 52.9, 43.7, 23.5
316, 2010-11-13, 56.6, 60.8, 52.4, 65.1, 70.2, 60, 48, 52.7, 43.3, 24
317, 2010-11-14, 56.3, 60.4, 52.2, 64.8, 69.8, 59.8, 47.8, 52.5, 43.1, 24.4
318, 2010-11-15, 56, 60.1, 51.9, 64.5, 69.5, 59.5, 47.6, 52.3, 42.9, 24.7
319, 2010-11-16, 55.8, 59.9, 51.7, 64.2, 69.1, 59.3, 47.4, 52.2, 42.6, 25.1
320, 2010-11-17, 55.5, 59.6, 51.4, 63.8, 68.7, 58.9, 47.1, 51.9, 42.3, 25.6
321, 2010-11-18, 55.2, 59.3, 51.1, 63.5, 68.3, 58.7, 46.9, 51.7, 42.1, 25.9
322, 2010-11-19, 55, 59.1, 50.9, 63.2, 68, 58.4, 46.7, 51.5, 41.9, 26.3
323, 2010-11-20, 54.7, 58.8, 50.6, 62.9, 67.6, 58.2, 46.4, 51.3, 41.5, 26.6
324, 2010-11-21, 54.4, 58.5, 50.3, 62.7, 67.4, 58, 46.2, 51.1, 41.3, 27
325, 2010-11-22, 54.2, 58.3, 50.1, 62.4, 67.1, 57.7, 46, 50.9, 41.1, 27.4
326, 2010-11-23, 53.9, 58, 49.8, 62.1, 66.7, 57.5, 45.8, 50.8, 40.8, 27.7
327, 2010-11-24, 53.7, 57.8, 49.6, 61.8, 66.4, 57.2, 45.6, 50.6, 40.6, 28
328, 2010-11-25, 53.4, 57.5, 49.3, 61.5, 66.1, 56.9, 45.4, 50.4, 40.4, 28.4
329, 2010-11-26, 53.2, 57.3, 49.1, 61.3, 65.8, 56.8, 45.1, 50.1, 40.1, 28.7
330, 2010-11-27, 53, 57.1, 48.9, 61, 65.5, 56.5, 44.9, 50, 39.8, 29
331, 2010-11-28, 52.8, 56.9, 48.7, 60.8, 65.2, 56.4, 44.7, 49.8, 39.6, 29.2
332, 2010-11-29, 52.5, 56.6, 48.4, 60.5, 64.9, 56.1, 44.5, 49.6, 39.4, 29.5
333, 2010-11-30, 52.3, 56.4, 48.2, 60.3, 64.7, 55.9, 44.4, 49.5, 39.3, 29.8
334, 2010-12-01, 52.1, 56.2, 48, 60.1, 64.5, 55.7, 44.2, 49.4, 39, 30.1
335, 2010-12-02, 51.9, 56, 47.8, 59.8, 64.1, 55.5, 44, 49.2, 38.8, 30.4
336, 2010-12-03, 51.7, 55.8, 47.6, 59.6, 63.9, 55.3, 43.8, 49, 38.6, 30.6
337, 2010-12-04, 51.5, 55.6, 47.4, 59.4, 63.7, 55.1, 43.6, 48.9, 38.3, 30.9
338, 2010-12-05, 51.4, 55.5, 47.3, 59.2, 63.5, 54.9, 43.5, 48.8, 38.2, 31.1
339, 2010-12-06, 51.2, 55.4, 47, 59.1, 63.4, 54.8, 43.3, 48.6, 38, 31.4
340, 2010-12-07, 51, 55.2, 46.8, 58.9, 63.2, 54.6, 43.2, 48.6, 37.8, 31.6
341, 2010-12-08, 50.9, 55.1, 46.7, 58.7, 63, 54.4, 43, 48.4, 37.6, 31.8
342, 2010-12-09, 50.7, 54.9, 46.5, 58.6, 62.9, 54.3, 42.9, 48.4, 37.4, 32.1
343, 2010-12-10, 50.6, 54.9, 46.3, 58.4, 62.7, 54.1, 42.7, 48.2, 37.2, 32.3
344, 2010-12-11, 50.4, 54.7, 46.1, 58.3, 62.6, 54, 42.6, 48.2, 37, 32.5
345, 2010-12-12, 50.3, 54.7, 45.9, 58.2, 62.5, 53.9, 42.5, 48.2, 36.8, 32.6
346, 2010-12-13, 50.2, 54.6, 45.8, 58, 62.3, 53.7, 42.4, 48.1, 36.7, 32.8
347, 2010-12-14, 50.1, 54.6, 45.6, 57.9, 62.3, 53.5, 42.3, 48.1, 36.5, 32.9
348, 2010-12-15, 50, 54.5, 45.5, 57.8, 62.2, 53.4, 42.2, 48, 36.4, 33
349, 2010-12-16, 49.9, 54.5, 45.3, 57.7, 62.1, 53.3, 42.1, 48, 36.2, 33.1
350, 2010-12-17, 49.8, 54.4, 45.2, 57.6, 62, 53.2, 42, 47.9, 36.1, 33.2
351, 2010-12-18, 49.7, 54.3, 45.1, 57.5, 61.9, 53.1, 41.9, 47.8, 36, 33.2
352, 2010-12-19, 49.6, 54.2, 45, 57.5, 61.9, 53.1, 41.8, 47.8, 35.8, 33.3
353, 2010-12-20, 49.6, 54.3, 44.9, 57.4, 61.9, 52.9, 41.7, 47.7, 35.7, 33.3
354, 2010-12-21, 49.5, 54.2, 44.8, 57.3, 61.8, 52.8, 41.7, 47.7, 35.7, 33.3
355, 2010-12-22, 49.4, 54.1, 44.7, 57.3, 61.8, 52.8, 41.6, 47.6, 35.6, 33.4
356, 2010-12-23, 49.4, 54.1, 44.7, 57.2, 61.7, 52.7, 41.5, 47.5, 35.5, 33.4
357, 2010-12-24, 49.3, 54, 44.6, 57.2, 61.7, 52.7, 41.5, 47.5, 35.5, 33.4
358, 2010-12-25, 49.3, 54, 44.6, 57.1, 61.6, 52.6, 41.4, 47.4, 35.4, 33.4
359, 2010-12-26, 49.2, 53.9, 44.5, 57.1, 61.6, 52.6, 41.4, 47.4, 35.4, 33.5
360, 2010-12-27, 49.2, 53.9, 44.5, 57.1, 61.7, 52.5, 41.4, 47.4, 35.4, 33.6
361, 2010-12-28, 49.2, 53.9, 44.5, 57, 61.6, 52.4, 41.4, 47.4, 35.4, 33.7
362, 2010-12-29, 49.2, 53.9, 44.5, 57, 61.6, 52.4, 41.3, 47.3, 35.3, 33.8
363, 2010-12-30, 49.2, 53.9, 44.5, 57, 61.6, 52.4, 41.3, 47.3, 35.3, 33.9
364, 2010-12-31, 49.1, 53.8, 44.4, 57, 61.6, 52.4, 41.3, 47.2, 35.4, 34
