day, date, avg, avgh, avgl, hi, hih, hil, lo, loh, lol, precip
0, 2010-01-01, 50.5, 54.7, 46.3, 57.2, 62.1, 52.3, 43.8, 48.7, 38.9, 33.5
1, 2010-01-02, 50.5, 54.7, 46.3, 57.2, 62.1, 52.3, 43.8, 48.7, 38.9, 33.6
2, 2010-01-03, 50.5, 54.7, 46.3, 57.2, 62.1, 52.3, 43.8, 48.7, 38.9, 33.6
3, 2010-01-04, 50.5, 54.7, 46.3, 57.2, 62.1, 52.3, 43.8, 48.7, 38.9, 33.6
4, 2010-01-05, 50.5, 54.7, 46.3, 57.2, 62.1, 52.3, 43.8, 48.7, 38.9, 33.6
5, 2010-01-06, 50.5, 54.7, 46.3, 57.3, 62.2, 52.4, 43.8, 48.7, 38.9, 33.6
6, 2010-01-07, 50.6, 54.8, 46.4, 57.3, 62.2, 52.4, 43.8, 48.7, 38.9, 33.5
7, 2010-01-08, 50.6, 54.8, 46.4, 57.4, 62.3, 52.5, 43.8, 48.6, 39, 33.5
8, 2010-01-09, 50.6, 54.8, 46.4, 57.4, 62.3, 52.5, 43.8, 48.6, 39, 33.4
9, 2010-01-10, 50.7, 54.8, 46.6, 57.5, 62.4, 52.6, 43.9, 48.7, 39.1, 33.3
10, 2010-01-11, 50.7, 54.8, 46.6, 57.5, 62.4, 52.6, 43.9, 48.7, 39.1, 33.3
11, 2010-01-12, 50.8, 54.9, 46.7, 57.6, 62.5, 52.7, 43.9, 48.7, 39.1, 33.3
12, 2010-01-13, 50.8, 54.9, 46.7, 57.7, 62.6, 52.8, 44, 48.7, 39.3, 33.4
13, 2010-01-14, 50.9, 55, 46.8, 57.7, 62.6, 52.8, 44, 48.7, 39.3, 33.5
14, 2010-01-15, 50.9, 55, 46.8, 57.8, 62.7, 52.9, 44.1, 48.8, 39.4, 33.6
15, 2010-01-16, 51, 55.1, 46.9, 57.9, 62.8, 53, 44.1, 48.8, 39.4, 33.7
16, 2010-01-17, 51.1, 55.1, 47.1, 58, 62.9, 53.1, 44.2, 48.9, 39.5, 33.9
17, 2010-01-18, 51.2, 55.2, 47.2, 58.1, 63, 53.2, 44.3, 49, 39.6, 34
18, 2010-01-19, 51.3, 55.3, 47.3, 58.2, 63.1, 53.3, 44.3, 49, 39.6, 34.2
19, 2010-01-20, 51.4, 55.4, 47.4, 58.3, 63.2, 53.4, 44.4, 49.1, 39.7, 34.4
20, 2010-01-21, 51.4, 55.4, 47.4, 58.4, 63.3, 53.5, 44.5, 49.1, 39.9, 34.7
21, 2010-01-22, 51.5, 55.5, 47.5, 58.5, 63.4, 53.6, 44.6, 49.2, 40, 34.9
22, 2010-01-23, 51.6, 55.6, 47.6, 58.6, 63.5, 53.7, 44.6, 49.2, 40, 35
23, 2010-01-24, 51.7, 55.6, 47.8, 58.8, 63.7, 53.9, 44.7, 49.3, 40.1, 35.1
24, 2010-01-25, 51.9, 55.8, 48, 58.9, 63.8, 54, 44.8, 49.4, 40.2, 35.2
25, 2010-01-26, 52, 55.9, 48.1, 59, 63.9, 54.1, 44.9, 49.5, 40.3, 35.3
26, 2010-01-27, 52.1, 56, 48.2, 59.2, 64.1, 54.3, 45, 49.6, 40.4, 35.3
27, 2010-01-28, 52.2, 56.1, 48.3, 59.3, 64.2, 54.4, 45.1, 49.6, 40.6, 35.4
28, 2010-01-29, 52.3, 56.1, 48.5, 59.4, 64.3, 54.5, 45.2, 49.7, 40.7, 35.4
29, 2010-01-30, 52.4, 56.2, 48.6, 59.6, 64.5, 54.7, 45.3, 49.8, 40.8, 35.4
30, 2010-01-31, 52.6, 56.4, 48.8, 59.7, 64.6, 54.8, 45.4, 49.9, 40.9, 35.5
31, 2010-02-01, 52.7, 56.5, 48.9, 59.9, 64.8, 55, 45.5, 50, 41, 35.6
32, 2010-02-02, 52.8, 56.6, 49, 60, 64.9, 55.1, 45.6, 50, 41.2, 35.7
33, 2010-02-03, 52.9, 56.7, 49.1, 60.1, 65, 55.2, 45.7, 50.1, 41.3, 35.9
34, 2010-02-04, 53, 56.8, 49.2, 60.3, 65.3, 55.3, 45.8, 50.2, 41.4, 36.2
35, 2010-02-05, 53.2, 57, 49.4, 60.4, 65.4, 55.4, 45.9, 50.3, 41.5, 36.4
36, 2010-02-06, 53.3, 57.1, 49.5, 60.6, 65.6, 55.6, 46, 50.4, 41.6, 36.7
37, 2010-02-07, 53.4, 57.2, 49.6, 60.7, 65.8, 55.6, 46.1, 50.5, 41.7, 37
38, 2010-02-08, 53.5, 57.3, 49.7, 60.9, 66, 55.8, 46.2, 50.6, 41.8, 37.3
39, 2010-02-09, 53.7, 57.5, 49.9, 61, 66.1, 55.9, 46.3, 50.6, 42, 37.5
40, 2010-02-10, 53.8, 57.7, 49.9, 61.1, 66.3, 55.9, 46.4, 50.7, 42.1, 37.7
41, 2010-02-11, 53.9, 57.8, 50, 61.3, 66.5, 56.1, 46.5, 50.8, 42.2, 37.9
42, 2010-02-12, 54, 57.9, 50.1, 61.4, 66.6, 56.2, 46.6, 50.9, 42.3, 38
43, 2010-02-13, 54.1, 58, 50.2, 61.5, 66.8, 56.2, 46.7, 51, 42.4, 38.1
44, 2010-02-14, 54.2, 58.1, 50.3, 61.6, 66.9, 56.3, 46.8, 51.1, 42.5, 38.2
45, 2010-02-15, 54.3, 58.2, 50.4, 61.8, 67.1, 56.5, 46.9, 51.1, 42.7, 38.2
46, 2010-02-16, 54.4, 58.3, 50.5, 61.9, 67.3, 56.5, 47, 51.2, 42.8, 38.3
47, 2010-02-17, 54.5, 58.4, 50.6, 62, 67.4, 56.6, 47.1, 51.3, 42.9, 38.4
48, 2010-02-18, 54.6, 58.5, 50.7, 62.1, 67.6, 56.6, 47.2, 51.4, 43, 38.4
49, 2010-02-19, 54.7, 58.7, 50.7, 62.2, 67.7, 56.7, 47.3, 51.5, 43.1, 38.4
50, 2010-02-20, 54.8, 58.8, 50.8, 62.3, 67.9, 56.7, 47.3, 51.5, 43.1, 38.4
51, 2010-02-21, 54.9, 58.9, 50.9, 62.4, 68, 56.8, 47.4, 51.6, 43.2, 38.4
52, 2010-02-22, 55, 59, 51, 62.5, 68.1, 56.9, 47.5, 51.7, 43.3, 38.4
53, 2010-02-23, 55.1, 59.2, 51, 62.6, 68.3, 56.9, 47.6, 51.8, 43.4, 38.4
54, 2010-02-24, 55.2, 59.3, 51.1, 62.7, 68.4, 57, 47.6, 51.8, 43.4, 38.4
55, 2010-02-25, 55.2, 59.3, 51.1, 62.8, 68.6, 57, 47.7, 51.9, 43.5, 38.4
56, 2010-02-26, 55.3, 59.5, 51.1, 62.8, 68.6, 57, 47.8, 52, 43.6, 38.4
57, 2010-02-27, 55.4, 59.6, 51.2, 62.9, 68.8, 57, 47.8, 52, 43.6, 38.4
58, 2010-02-28, 55.4, 59.6, 51.2, 63, 68.9, 57.1, 47.9, 52.1, 43.7, 38.3
59, 2010-03-01, 55.5, 59.7, 51.3, 63.1, 69.1, 57.1, 47.9, 52.1, 43.7, 38.2
60, 2010-03-02, 55.6, 59.9, 51.3, 63.1, 69.1, 57.1, 48, 52.2, 43.8, 38
61, 2010-03-03, 55.6, 59.9, 51.3, 63.2, 69.2, 57.2, 48, 52.2, 43.8, 37.8
62, 2010-03-04, 55.7, 60, 51.4, 63.2, 69.2, 57.2, 48.1, 52.3, 43.9, 37.5
63, 2010-03-05, 55.7, 60, 51.4, 63.3, 69.4, 57.2, 48.1, 52.3, 43.9, 37.2
64, 2010-03-06, 55.8, 60.1, 51.5, 63.4, 69.5, 57.3, 48.2, 52.4, 44, 36.8
65, 2010-03-07, 55.8, 60.1, 51.5, 63.4, 69.5, 57.3, 48.2, 52.3, 44.1, 36.5
66, 2010-03-08, 55.9, 60.2, 51.6, 63.5, 69.6, 57.4, 48.3, 52.4, 44.2, 36.1
67, 2010-03-09, 55.9, 60.2, 51.6, 63.5, 69.6, 57.4, 48.3, 52.4, 44.2, 35.7
68, 2010-03-10, 55.9, 60.2, 51.6, 63.6, 69.7, 57.5, 48.3, 52.4, 44.2, 35.4
69, 2010-03-11, 56, 60.3, 51.7, 63.6, 69.8, 57.4, 48.4, 52.5, 44.3, 35
70, 2010-03-12, 56, 60.4, 51.6, 63.7, 69.9, 57.5, 48.4, 52.5, 44.3, 34.6
71, 2010-03-13, 56.1, 60.5, 51.7, 63.7, 69.9, 57.5, 48.4, 52.5, 44.3, 34.3
72, 2010-03-14, 56.1, 60.5, 51.7, 63.8, 70, 57.6, 48.5, 52.6, 44.4, 33.9
73, 2010-03-15, 56.1, 60.5, 51.7, 63.8, 70.1, 57.5, 48.5, 52.6, 44.4, 33.5
74, 2010-03-16, 56.2, 60.6, 51.8, 63.9, 70.2, 57.6, 48.5, 52.5, 44.5, 33.1
75, 2010-03-17, 56.2, 60.6, 51.8, 63.9, 70.2, 57.6, 48.5, 52.5, 44.5, 32.6
76, 2010-03-18, 56.3, 60.7, 51.9, 64, 70.3, 57.7, 48.6, 52.6, 44.6, 32.2
77, 2010-03-19, 56.3, 60.7, 51.9, 64, 70.4, 57.6, 48.6, 52.6, 44.6, 31.7
78, 2010-03-20, 56.4, 60.8, 52, 64.1, 70.5, 57.7, 48.6, 52.6, 44.6, 31.3
79, 2010-03-21, 56.4, 60.9, 51.9, 64.1, 70.5, 57.7, 48.7, 52.7, 44.7, 30.8
80, 2010-03-22, 56.4, 60.9, 51.9, 64.2, 70.6, 57.8, 48.7, 52.6, 44.8, 30.3
81, 2010-03-23, 56.5, 61, 52, 64.3, 70.8, 57.8, 48.7, 52.6, 44.8, 29.9
82, 2010-03-24, 56.5, 61, 52, 64.3, 70.8, 57.8, 48.7, 52.6, 44.8, 29.3
83, 2010-03-25, 56.6, 61.1, 52.1, 64.4, 70.9, 57.9, 48.8, 52.7, 44.9, 28.8
84, 2010-03-26, 56.6, 61.1, 52.1, 64.5, 71.1, 57.9, 48.8, 52.7, 44.9, 28.3
85, 2010-03-27, 56.7, 61.2, 52.2, 64.5, 71.1, 57.9, 48.9, 52.7, 45.1, 27.7
86, 2010-03-28, 56.8, 61.3, 52.3, 64.6, 71.2, 58, 48.9, 52.7, 45.1, 27.2
87, 2010-03-29, 56.8, 61.3, 52.3, 64.7, 71.3, 58.1, 48.9, 52.7, 45.1, 26.7
88, 2010-03-30, 56.9, 61.4, 52.4, 64.8, 71.4, 58.2, 49, 52.8, 45.2, 26.1
89, 2010-03-31, 56.9, 61.4, 52.4, 64.9, 71.5, 58.3, 49, 52.7, 45.3, 25.7
90, 2010-04-01, 57, 61.5, 52.5, 65, 71.7, 58.3, 49.1, 52.8, 45.4, 25.2
91, 2010-04-02, 57.1, 61.6, 52.6, 65, 71.7, 58.3, 49.1, 52.8, 45.4, 24.8
92, 2010-04-03, 57.1, 61.6, 52.6, 65.1, 71.8, 58.4, 49.2, 52.9, 45.5, 24.4
93, 2010-04-04, 57.2, 61.7, 52.7, 65.2, 72, 58.4, 49.2, 52.9, 45.5, 24
94, 2010-04-05, 57.3, 61.8, 52.8, 65.3, 72.1, 58.5, 49.3, 53, 45.6, 23.7
95, 2010-04-06, 57.4, 61.9, 52.9, 65.4, 72.2, 58.6, 49.3, 52.9, 45.7, 23.3
96, 2010-04-07, 57.4, 61.9, 52.9, 65.5, 72.4, 58.6, 49.4, 53, 45.8, 23
97, 2010-04-08, 57.5, 62, 53, 65.6, 72.5, 58.7, 49.4, 53, 45.8, 22.7
98, 2010-04-09, 57.6, 62.1, 53.1, 65.7, 72.6, 58.8, 49.5, 53.1, 45.9, 22.3
99, 2010-04-10, 57.7, 62.2, 53.2, 65.8, 72.8, 58.8, 49.6, 53.2, 46, 22
100, 2010-04-11, 57.8, 62.3, 53.3, 65.9, 72.9, 58.9, 49.6, 53.2, 46, 21.6
101, 2010-04-12, 57.8, 62.4, 53.2, 66, 73, 59, 49.7, 53.3, 46.1, 21.3
102, 2010-04-13, 57.9, 62.5, 53.3, 66.1, 73.1, 59.1, 49.8, 53.3, 46.3, 21
103, 2010-04-14, 58, 62.6, 53.4, 66.2, 73.2, 59.2, 49.8, 53.3, 46.3, 20.6
104, 2010-04-15, 58.1, 62.6, 53.6, 66.3, 73.3, 59.3, 49.9, 53.4, 46.4, 20.3
105, 2010-04-16, 58.2, 62.7, 53.7, 66.4, 73.4, 59.4, 50, 53.5, 46.5, 20
106, 2010-04-17, 58.3, 62.8, 53.8, 66.5, 73.5, 59.5, 50, 53.5, 46.5, 19.7
107, 2010-04-18, 58.3, 62.8, 53.8, 66.6, 73.7, 59.5, 50.1, 53.5, 46.7, 19.4
108, 2010-04-19, 58.4, 62.9, 53.9, 66.7, 73.8, 59.6, 50.2, 53.6, 46.8, 19.1
109, 2010-04-20, 58.5, 63, 54, 66.7, 73.8, 59.6, 50.3, 53.7, 46.9, 18.9
110, 2010-04-21, 58.6, 63.1, 54.1, 66.8, 73.9, 59.7, 50.4, 53.8, 47, 18.6
111, 2010-04-22, 58.7, 63.2, 54.2, 66.9, 74, 59.8, 50.5, 53.9, 47.1, 18.3
112, 2010-04-23, 58.8, 63.3, 54.3, 67, 74.1, 59.9, 50.5, 53.9, 47.1, 18.1
113, 2010-04-24, 58.9, 63.4, 54.4, 67.1, 74.1, 60.1, 50.6, 53.9, 47.3, 17.8
114, 2010-04-25, 58.9, 63.4, 54.4, 67.2, 74.3, 60.1, 50.7, 54, 47.4, 17.5
115, 2010-04-26, 59, 63.5, 54.5, 67.2, 74.3, 60.1, 50.8, 54.1, 47.5, 17.2
116, 2010-04-27, 59.1, 63.6, 54.6, 67.3, 74.4, 60.2, 50.9, 54.2, 47.6, 17
117, 2010-04-28, 59.2, 63.7, 54.7, 67.4, 74.5, 60.3, 51, 54.3, 47.7, 16.7
118, 2010-04-29, 59.3, 63.8, 54.8, 67.5, 74.6, 60.4, 51.1, 54.4, 47.8, 16.4
119, 2010-04-30, 59.4, 63.9, 54.9, 67.5, 74.6, 60.4, 51.2, 54.4, 48, 16.1
120, 2010-05-01, 59.4, 63.9, 54.9, 67.6, 74.7, 60.5, 51.3, 54.5, 48.1, 15.8
121, 2010-05-02, 59.5, 64, 55, 67.7, 74.8, 60.6, 51.4, 54.6, 48.2, 15.5
122, 2010-05-03, 59.6, 64.1, 55.1, 67.7, 74.8, 60.6, 51.5, 54.7, 48.3, 15.2
123, 2010-05-04, 59.7, 64.2, 55.2, 67.8, 74.9, 60.7, 51.6, 54.8, 48.4, 14.9
124, 2010-05-05, 59.8, 64.3, 55.3, 67.9, 75, 60.8, 51.7, 54.9, 48.5, 14.5
125, 2010-05-06, 59.8, 64.2, 55.4, 67.9, 75, 60.8, 51.8, 54.9, 48.7, 14.2
126, 2010-05-07, 59.9, 64.3, 55.5, 68, 75.1, 60.9, 51.8, 54.9, 48.7, 13.8
127, 2010-05-08, 60, 64.4, 55.6, 68.1, 75.2, 61, 51.9, 55, 48.8, 13.4
128, 2010-05-09, 60.1, 64.5, 55.7, 68.1, 75.2, 61, 52, 55.1, 48.9, 13.1
129, 2010-05-10, 60.2, 64.6, 55.8, 68.2, 75.3, 61.1, 52.1, 55.2, 49, 12.7
130, 2010-05-11, 60.2, 64.6, 55.8, 68.3, 75.4, 61.2, 52.2, 55.3, 49.1, 12.4
131, 2010-05-12, 60.3, 64.7, 55.9, 68.3, 75.4, 61.2, 52.3, 55.4, 49.2, 12.1
132, 2010-05-13, 60.4, 64.8, 56, 68.4, 75.5, 61.3, 52.4, 55.4, 49.4, 11.7
133, 2010-05-14, 60.5, 64.9, 56.1, 68.5, 75.6, 61.4, 52.5, 55.5, 49.5, 11.4
134, 2010-05-15, 60.6, 65, 56.2, 68.5, 75.6, 61.4, 52.6, 55.6, 49.6, 11.1
135, 2010-05-16, 60.7, 65.1, 56.3, 68.6, 75.7, 61.5, 52.7, 55.7, 49.7, 10.8
136, 2010-05-17, 60.8, 65.2, 56.4, 68.7, 75.8, 61.6, 52.8, 55.8, 49.8, 10.5
137, 2010-05-18, 60.8, 65.2, 56.4, 68.8, 75.8, 61.8, 52.9, 55.9, 49.9, 10.1
138, 2010-05-19, 60.9, 65.3, 56.5, 68.9, 75.9, 61.9, 53, 56, 50, 9.8
139, 2010-05-20, 61, 65.3, 56.7, 69, 76, 62, 53.1, 56.1, 50.1, 9.6
140, 2010-05-21, 61.1, 65.4, 56.8, 69, 76, 62, 53.2, 56.1, 50.3, 9.3
141, 2010-05-22, 61.2, 65.5, 56.9, 69.1, 76.1, 62.1, 53.3, 56.2, 50.4, 9
142, 2010-05-23, 61.3, 65.6, 57, 69.2, 76.2, 62.2, 53.4, 56.3, 50.5, 8.7
143, 2010-05-24, 61.4, 65.7, 57.1, 69.3, 76.3, 62.3, 53.5, 56.4, 50.6, 8.5
144, 2010-05-25, 61.5, 65.8, 57.2, 69.4, 76.4, 62.4, 53.6, 56.5, 50.7, 8.2
145, 2010-05-26, 61.6, 65.9, 57.3, 69.5, 76.5, 62.5, 53.6, 56.5, 50.7, 8
146, 2010-05-27, 61.7, 66, 57.4, 69.6, 76.6, 62.6, 53.7, 56.5, 50.9, 7.7
147, 2010-05-28, 61.8, 66.1, 57.5, 69.7, 76.6, 62.8, 53.8, 56.6, 51, 7.4
148, 2010-05-29, 61.9, 66.2, 57.6, 69.8, 76.7, 62.9, 53.9, 56.7, 51.1, 7.2
149, 2010-05-30, 62, 66.3, 57.7, 69.9, 76.9, 62.9, 54, 56.8, 51.2, 6.9
150, 2010-05-31, 62.1, 66.4, 57.8, 70, 77, 63, 54.1, 56.9, 51.3, 6.6
151, 2010-06-01, 62.1, 66.4, 57.8, 70.2, 77.2, 63.2, 54.1, 56.9, 51.3, 6.4
152, 2010-06-02, 62.2, 66.5, 57.9, 70.3, 77.3, 63.3, 54.2, 57, 51.4, 6.1
153, 2010-06-03, 62.3, 66.7, 57.9, 70.4, 77.5, 63.3, 54.3, 57.1, 51.5, 5.9
154, 2010-06-04, 62.4, 66.8, 58, 70.5, 77.6, 63.4, 54.4, 57.2, 51.6, 5.7
155, 2010-06-05, 62.5, 66.9, 58.1, 70.6, 77.7, 63.5, 54.4, 57.2, 51.6, 5.5
156, 2010-06-06, 62.6, 67, 58.2, 70.7, 77.9, 63.5, 54.5, 57.3, 51.7, 5.3
157, 2010-06-07, 62.7, 67.2, 58.2, 70.8, 78, 63.6, 54.6, 57.4, 51.8, 5.1
158, 2010-06-08, 62.8, 67.3, 58.3, 70.9, 78.1, 63.7, 54.6, 57.4, 51.8, 4.9
159, 2010-06-09, 62.9, 67.4, 58.4, 71, 78.3, 63.7, 54.7, 57.5, 51.9, 4.7
160, 2010-06-10, 63, 67.5, 58.5, 71.1, 78.4, 63.8, 54.8, 57.6, 52, 4.5
161, 2010-06-11, 63, 67.6, 58.4, 71.2, 78.6, 63.8, 54.8, 57.6, 52, 4.4
162, 2010-06-12, 63.1, 67.7, 58.5, 71.3, 78.7, 63.9, 54.9, 57.7, 52.1, 4.2
163, 2010-06-13, 63.2, 67.8, 58.6, 71.4, 78.8, 64, 54.9, 57.7, 52.1, 4
164, 2010-06-14, 63.3, 67.9, 58.7, 71.5, 78.9, 64.1, 55, 57.8, 52.2, 3.8
165, 2010-06-15, 63.3, 67.9, 58.7, 71.6, 79, 64.2, 55, 57.8, 52.2, 3.7
166, 2010-06-16, 63.4, 68, 58.8, 71.7, 79.1, 64.3, 55.1, 57.9, 52.3, 3.5
167, 2010-06-17, 63.5, 68.1, 58.9, 71.8, 79.2, 64.4, 55.1, 57.9, 52.3, 3.4
168, 2010-06-18, 63.5, 68.1, 58.9, 71.9, 79.3, 64.5, 55.2, 58, 52.4, 3.2
169, 2010-06-19, 63.6, 68.2, 59, 71.9, 79.3, 64.5, 55.2, 58, 52.4, 3.1
170, 2010-06-20, 63.6, 68.2, 59, 72, 79.4, 64.6, 55.3, 58.1, 52.5, 2.9
171, 2010-06-21, 63.7, 68.3, 59.1, 72, 79.4, 64.6, 55.3, 58.1, 52.5, 2.8
172, 2010-06-22, 63.7, 68.3, 59.1, 72.1, 79.5, 64.7, 55.4, 58.2, 52.6, 2.6
173, 2010-06-23, 63.8, 68.4, 59.2, 72.1, 79.5, 64.7, 55.4, 58.2, 52.6, 2.5
174, 2010-06-24, 63.8, 68.4, 59.2, 72.2, 79.6, 64.8, 55.4, 58.2, 52.6, 2.4
175, 2010-06-25, 63.8, 68.4, 59.2, 72.2, 79.6, 64.8, 55.5, 58.3, 52.7, 2.3
176, 2010-06-26, 63.9, 68.5, 59.3, 72.2, 79.6, 64.8, 55.5, 58.3, 52.7, 2.2
177, 2010-06-27, 63.9, 68.5, 59.3, 72.3, 79.6, 65, 55.5, 58.3, 52.7, 2.1
178, 2010-06-28, 63.9, 68.5, 59.3, 72.3, 79.6, 65, 55.6, 58.4, 52.8, 2
179, 2010-06-29, 63.9, 68.4, 59.4, 72.3, 79.6, 65, 55.6, 58.4, 52.8, 2
180, 2010-06-30, 64, 68.5, 59.5, 72.3, 79.5, 65.1, 55.6, 58.4, 52.8, 1.9
181, 2010-07-01, 64, 68.5, 59.5, 72.3, 79.4, 65.2, 55.7, 58.5, 52.9, 1.8
182, 2010-07-02, 64, 68.4, 59.6, 72.3, 79.4, 65.2, 55.7, 58.5, 52.9, 1.6
183, 2010-07-03, 64, 68.4, 59.6, 72.3, 79.3, 65.3, 55.7, 58.5, 52.9, 1.5
184, 2010-07-04, 64, 68.4, 59.6, 72.3, 79.3, 65.3, 55.7, 58.5, 52.9, 1.5
185, 2010-07-05, 64, 68.3, 59.7, 72.2, 79.1, 65.3, 55.8, 58.6, 53, 1.4
186, 2010-07-06, 64, 68.3, 59.7, 72.2, 79, 65.4, 55.8, 58.6, 53, 1.3
187, 2010-07-07, 64, 68.2, 59.8, 72.2, 78.9, 65.5, 55.8, 58.6, 53, 1.2
188, 2010-07-08, 64, 68.2, 59.8, 72.2, 78.8, 65.6, 55.9, 58.6, 53.2, 1.1
189, 2010-07-09, 64, 68.1, 59.9, 72.1, 78.6, 65.6, 55.9, 58.6, 53.2, 1.1
190, 2010-07-10, 64, 68.1, 59.9, 72.1, 78.5, 65.7, 55.9, 58.6, 53.2, 1
191, 2010-07-11, 64, 68, 60, 72.1, 78.4, 65.8, 56, 58.7, 53.3, 0.9
192, 2010-07-12, 64, 68, 60, 72.1, 78.4, 65.8, 56, 58.7, 53.3, 0.8
193, 2010-07-13, 64, 67.9, 60.1, 72, 78.2, 65.8, 56, 58.7, 53.3, 0.8
194, 2010-07-14, 64, 67.9, 60.1, 72, 78.1, 65.9, 56.1, 58.7, 53.5, 0.7
195, 2010-07-15, 64, 67.9, 60.1, 72, 78.1, 65.9, 56.1, 58.7, 53.5, 0.7
196, 2010-07-16, 64, 67.8, 60.2, 71.9, 77.9, 65.9, 56.2, 58.8, 53.6, 0.6
197, 2010-07-17, 64.1, 67.9, 60.3, 71.9, 77.9, 65.9, 56.2, 58.8, 53.6, 0.6
198, 2010-07-18, 64.1, 67.9, 60.3, 71.9, 77.9, 65.9, 56.2, 58.8, 53.6, 0.6
199, 2010-07-19, 64.1, 67.9, 60.3, 71.9, 77.9, 65.9, 56.3, 58.9, 53.7, 0.5
200, 2010-07-20, 64.1, 67.9, 60.3, 71.8, 77.8, 65.8, 56.3, 58.9, 53.7, 0.5
201, 2010-07-21, 64.1, 67.9, 60.3, 71.8, 77.7, 65.9, 56.4, 58.9, 53.9, 0.5
202, 2010-07-22, 64.1, 67.9, 60.3, 71.8, 77.7, 65.9, 56.4, 58.9, 53.9, 0.5
203, 2010-07-23, 64.1, 67.8, 60.4, 71.8, 77.7, 65.9, 56.5, 59, 54, 0.5
204, 2010-07-24, 64.2, 67.9, 60.5, 71.8, 77.7, 65.9, 56.5, 59, 54, 0.5
205, 2010-07-25, 64.2, 67.9, 60.5, 71.8, 77.7, 65.9, 56.6, 59.1, 54.1, 0.5
206, 2010-07-26, 64.2, 67.9, 60.5, 71.8, 77.7, 65.9, 56.6, 59.1, 54.1, 0.5
207, 2010-07-27, 64.3, 68, 60.6, 71.8, 77.6, 66, 56.7, 59.2, 54.2, 0.5
208, 2010-07-28, 64.3, 68, 60.6, 71.9, 77.7, 66.1, 56.7, 59.2, 54.2, 0.5
209, 2010-07-29, 64.3, 67.9, 60.7, 71.9, 77.7, 66.1, 56.8, 59.3, 54.3, 0.5
210, 2010-07-30, 64.4, 68, 60.8, 71.9, 77.7, 66.1, 56.8, 59.2, 54.4, 0.6
211, 2010-07-31, 64.4, 68, 60.8, 71.9, 77.6, 66.2, 56.9, 59.3, 54.5, 0.6
212, 2010-08-01, 64.5, 68.1, 60.9, 72, 77.7, 66.3, 56.9, 59.3, 54.5, 0.6
213, 2010-08-02, 64.5, 68, 61, 72, 77.7, 66.3, 57, 59.4, 54.6, 0.7
214, 2010-08-03, 64.6, 68.1, 61.1, 72.1, 77.7, 66.5, 57, 59.4, 54.6, 0.7
215, 2010-08-04, 64.6, 68.1, 61.1, 72.1, 77.7, 66.5, 57.1, 59.5, 54.7, 0.8
216, 2010-08-05, 64.7, 68.2, 61.2, 72.2, 77.8, 66.6, 57.1, 59.5, 54.7, 0.8
217, 2010-08-06, 64.7, 68.2, 61.2, 72.2, 77.8, 66.6, 57.2, 59.6, 54.8, 0.9
218, 2010-08-07, 64.8, 68.3, 61.3, 72.3, 78, 66.6, 57.2, 59.6, 54.8, 0.9
219, 2010-08-08, 64.8, 68.3, 61.3, 72.4, 78.1, 66.7, 57.3, 59.7, 54.9, 0.9
220, 2010-08-09, 64.9, 68.4, 61.4, 72.4, 78.1, 66.7, 57.3, 59.7, 54.9, 1
221, 2010-08-10, 64.9, 68.4, 61.4, 72.5, 78.2, 66.8, 57.4, 59.8, 55, 1
222, 2010-08-11, 65, 68.5, 61.5, 72.6, 78.4, 66.8, 57.4, 59.8, 55, 1.1
223, 2010-08-12, 65.1, 68.7, 61.5, 72.7, 78.5, 66.9, 57.5, 59.9, 55.1, 1.1
224, 2010-08-13, 65.1, 68.7, 61.5, 72.7, 78.5, 66.9, 57.5, 59.9, 55.1, 1.2
225, 2010-08-14, 65.2, 68.8, 61.6, 72.8, 78.7, 66.9, 57.5, 59.9, 55.1, 1.2
226, 2010-08-15, 65.2, 68.8, 61.6, 72.9, 78.8, 67, 57.6, 60, 55.2, 1.2
227, 2010-08-16, 65.3, 69, 61.6, 73, 79, 67, 57.6, 60.1, 55.1, 1.3
228, 2010-08-17, 65.4, 69.1, 61.7, 73.1, 79.1, 67.1, 57.6, 60.1, 55.1, 1.3
229, 2010-08-18, 65.4, 69.1, 61.7, 73.2, 79.2, 67.2, 57.7, 60.2, 55.2, 1.3
230, 2010-08-19, 65.5, 69.2, 61.8, 73.2, 79.3, 67.1, 57.7, 60.2, 55.2, 1.4
231, 2010-08-20, 65.5, 69.2, 61.8, 73.3, 79.4, 67.2, 57.7, 60.2, 55.2, 1.4
232, 2010-08-21, 65.6, 69.4, 61.8, 73.4, 79.5, 67.3, 57.7, 60.2, 55.2, 1.5
233, 2010-08-22, 65.6, 69.4, 61.8, 73.5, 79.7, 67.3, 57.7, 60.3, 55.1, 1.5
234, 2010-08-23, 65.6, 69.4, 61.8, 73.6, 79.8, 67.4, 57.7, 60.3, 55.1, 1.5
235, 2010-08-24, 65.7, 69.6, 61.8, 73.6, 79.9, 67.3, 57.7, 60.3, 55.1, 1.6
236, 2010-08-25, 65.7, 69.6, 61.8, 73.7, 80, 67.4, 57.8, 60.4, 55.2, 1.6
237, 2010-08-26, 65.8, 69.7, 61.9, 73.8, 80.2, 67.4, 57.8, 60.4, 55.2, 1.7
238, 2010-08-27, 65.8, 69.8, 61.8, 73.8, 80.2, 67.4, 57.8, 60.4, 55.2, 1.8
239, 2010-08-28, 65.8, 69.8, 61.8, 73.9, 80.4, 67.4, 57.7, 60.4, 55, 1.9
240, 2010-08-29, 65.8, 69.9, 61.7, 73.9, 80.5, 67.3, 57.7, 60.4, 55, 2
241, 2010-08-30, 65.9, 70, 61.8, 74, 80.6, 67.4, 57.7, 60.4, 55, 2
242, 2010-08-31, 65.9, 70.1, 61.7, 74, 80.7, 67.3, 57.7, 60.4, 55, 2.1
243, 2010-09-01, 65.9, 70.1, 61.7, 74.1, 80.9, 67.3, 57.7, 60.4, 55, 2.2
244, 2010-09-02, 65.9, 70.1, 61.7, 74.1, 81, 67.2, 57.7, 60.5, 54.9, 2.3
245, 2010-09-03, 65.9, 70.2, 61.6, 74.2, 81.2, 67.2, 57.7, 60.5, 54.9, 2.4
246, 2010-09-04, 65.9, 70.2, 61.6, 74.2, 81.2, 67.2, 57.6, 60.4, 54.8, 2.5
247, 2010-09-05, 65.9, 70.3, 61.5, 74.2, 81.3, 67.1, 57.6, 60.4, 54.8, 2.6
248, 2010-09-06, 65.9, 70.3, 61.5, 74.2, 81.3, 67.1, 57.6, 60.4, 54.8, 2.8
249, 2010-09-07, 65.9, 70.3, 61.5, 74.3, 81.5, 67.1, 57.5, 60.4, 54.6, 2.9
250, 2010-09-08, 65.9, 70.4, 61.4, 74.3, 81.6, 67, 57.5, 60.4, 54.6, 3.1
251, 2010-09-09, 65.9, 70.4, 61.4, 74.3, 81.6, 67, 57.5, 60.4, 54.6, 3.2
252, 2010-09-10, 65.9, 70.4, 61.4, 74.3, 81.7, 66.9, 57.4, 60.3, 54.5, 3.4
253, 2010-09-11, 65.8, 70.4, 61.2, 74.3, 81.7, 66.9, 57.4, 60.3, 54.5, 3.5
254, 2010-09-12, 65.8, 70.4, 61.2, 74.3, 81.7, 66.9, 57.3, 60.3, 54.3, 3.7
255, 2010-09-13, 65.8, 70.4, 61.2, 74.3, 81.8, 66.8, 57.3, 60.3, 54.3, 3.9
256, 2010-09-14, 65.8, 70.4, 61.2, 74.3, 81.8, 66.8, 57.2, 60.2, 54.2, 4
257, 2010-09-15, 65.7, 70.3, 61.1, 74.2, 81.7, 66.7, 57.2, 60.2, 54.2, 4.2
258, 2010-09-16, 65.7, 70.3, 61.1, 74.2, 81.7, 66.7, 57.1, 60.1, 54.1, 4.4
259, 2010-09-17, 65.6, 70.2, 61, 74.2, 81.8, 66.6, 57.1, 60.1, 54.1, 4.6
260, 2010-09-18, 65.6, 70.2, 61, 74.2, 81.8, 66.6, 57, 60, 54, 4.7
261, 2010-09-19, 65.6, 70.2, 61, 74.1, 81.7, 66.5, 57, 60, 54, 4.9
262, 2010-09-20, 65.5, 70.1, 60.9, 74.1, 81.7, 66.5, 56.9, 59.9, 53.9, 5.1
263, 2010-09-21, 65.5, 70.1, 60.9, 74.1, 81.7, 66.5, 56.9, 59.9, 53.9, 5.3
264, 2010-09-22, 65.4, 70, 60.8, 74, 81.6, 66.4, 56.8, 59.9, 53.7, 5.5
265, 2010-09-23, 65.4, 70, 60.8, 74, 81.6, 66.4, 56.7, 59.8, 53.6, 5.6
266, 2010-09-24, 65.3, 69.9, 60.7, 74, 81.6, 66.4, 56.7, 59.8, 53.6, 5.8
267, 2010-09-25, 65.3, 69.9, 60.7, 73.9, 81.5, 66.3, 56.6, 59.7, 53.5, 6
268, 2010-09-26, 65.2, 69.8, 60.6, 73.9, 81.5, 66.3, 56.5, 59.6, 53.4, 6.1
269, 2010-09-27, 65.1, 69.7, 60.5, 73.8, 81.4, 66.2, 56.5, 59.6, 53.4, 6.3
270, 2010-09-28, 65.1, 69.7, 60.5, 73.7, 81.3, 66.1, 56.4, 59.5, 53.3, 6.5
271, 2010-09-29, 65, 69.6, 60.4, 73.7, 81.2, 66.2, 56.3, 59.4, 53.2, 6.7
272, 2010-09-30, 64.9, 69.5, 60.3, 73.6, 81.1, 66.1, 56.2, 59.4, 53, 7
273, 2010-10-01, 64.8, 69.3, 60.3, 73.6, 81.1, 66.1, 56.1, 59.3, 52.9, 7.2
274, 2010-10-02, 64.8, 69.3, 60.3, 73.5, 81, 66, 56.1, 59.3, 52.9, 7.4
275, 2010-10-03, 64.7, 69.2, 60.2, 73.4, 80.9, 65.9, 56, 59.2, 52.8, 7.7
276, 2010-10-04, 64.6, 69.1, 60.1, 73.3, 80.8, 65.8, 55.9, 59.1, 52.7, 7.9
277, 2010-10-05, 64.5, 69, 60, 73.2, 80.7, 65.7, 55.8, 59, 52.6, 8.1
278, 2010-10-06, 64.4, 68.9, 59.9, 73.1, 80.6, 65.6, 55.7, 58.9, 52.5, 8.3
279, 2010-10-07, 64.3, 68.8, 59.8, 73.1, 80.5, 65.7, 55.6, 58.8, 52.4, 8.6
280, 2010-10-08, 64.2, 68.7, 59.7, 73, 80.4, 65.6, 55.5, 58.7, 52.3, 8.8
281, 2010-10-09, 64.1, 68.6, 59.6, 72.9, 80.3, 65.5, 55.4, 58.6, 52.2, 9.1
282, 2010-10-10, 64, 68.5, 59.5, 72.7, 80.1, 65.3, 55.3, 58.5, 52.1, 9.3
283, 2010-10-11, 63.9, 68.3, 59.5, 72.6, 79.9, 65.3, 55.2, 58.5, 51.9, 9.6
284, 2010-10-12, 63.8, 68.2, 59.4, 72.5, 79.8, 65.2, 55.1, 58.4, 51.8, 9.9
285, 2010-10-13, 63.7, 68.1, 59.3, 72.4, 79.7, 65.1, 54.9, 58.2, 51.6, 10.2
286, 2010-10-14, 63.5, 67.9, 59.1, 72.2, 79.4, 65, 54.8, 58.1, 51.5, 10.6
287, 2010-10-15, 63.4, 67.8, 59, 72.1, 79.3, 64.9, 54.7, 58, 51.4, 10.9
288, 2010-10-16, 63.3, 67.7, 58.9, 72, 79.2, 64.8, 54.6, 57.9, 51.3, 11.3
289, 2010-10-17, 63.1, 67.5, 58.7, 71.8, 78.9, 64.7, 54.4, 57.8, 51, 11.7
290, 2010-10-18, 63, 67.4, 58.6, 71.6, 78.6, 64.6, 54.3, 57.7, 50.9, 12.1
291, 2010-10-19, 62.8, 67.1, 58.5, 71.5, 78.5, 64.5, 54.1, 57.5, 50.7, 12.5
292, 2010-10-20, 62.6, 66.9, 58.3, 71.3, 78.2, 64.4, 54, 57.4, 50.6, 13
293, 2010-10-21, 62.5, 66.8, 58.2, 71.1, 77.9, 64.3, 53.8, 57.2, 50.4, 13.4
294, 2010-10-22, 62.3, 66.5, 58.1, 70.9, 77.7, 64.1, 53.7, 57.2, 50.2, 13.9
295, 2010-10-23, 62.1, 66.3, 57.9, 70.7, 77.4, 64, 53.5, 57, 50, 14.4
296, 2010-10-24, 61.9, 66.1, 57.7, 70.5, 77.1, 63.9, 53.4, 56.9, 49.9, 14.9
297, 2010-10-25, 61.8, 66, 57.6, 70.3, 76.9, 63.7, 53.2, 56.7, 49.7, 15.4
298, 2010-10-26, 61.6, 65.8, 57.4, 70.1, 76.6, 63.6, 53, 56.6, 49.4, 15.9
299, 2010-10-27, 61.4, 65.6, 57.2, 69.9, 76.4, 63.4, 52.8, 56.4, 49.2, 16.5
300, 2010-10-28, 61.2, 65.3, 57.1, 69.7, 76.1, 63.3, 52.7, 56.3, 49.1, 17
301, 2010-10-29, 61, 65.1, 56.9, 69.4, 75.8, 63, 52.5, 56.1, 48.9, 17.5
302, 2010-10-30, 60.7, 64.8, 56.6, 69.2, 75.5, 62.9, 52.3, 56, 48.6, 18
303, 2010-10-31, 60.5, 64.6, 56.4, 68.9, 75.2, 62.6, 52.1, 55.8, 48.4, 18.5
304, 2010-11-01, 60.3, 64.4, 56.2, 68.7, 74.9, 62.5, 51.9, 55.6, 48.2, 19
305, 2010-11-02, 60.1, 64.2, 56, 68.4, 74.5, 62.3, 51.7, 55.5, 47.9, 19.5
306, 2010-11-03, 59.8, 63.9, 55.7, 68.1, 74.2, 62, 51.5, 55.3, 47.7, 20
307, 2010-11-04, 59.6, 63.7, 55.5, 67.9, 73.9, 61.9, 51.4, 55.2, 47.6, 20.6
308, 2010-11-05, 59.4, 63.5, 55.3, 67.6, 73.6, 61.6, 51.2, 55.1, 47.3, 21.1
309, 2010-11-06, 59.1, 63.2, 55, 67.3, 73.2, 61.4, 51, 54.9, 47.1, 21.7
310, 2010-11-07, 58.9, 63, 54.8, 67, 72.8, 61.2, 50.8, 54.7, 46.9, 22.3
311, 2010-11-08, 58.7, 62.8, 54.6, 66.7, 72.5, 60.9, 50.6, 54.6, 46.6, 22.9
312, 2010-11-09, 58.4, 62.5, 54.3, 66.5, 72.2, 60.8, 50.4, 54.4, 46.4, 23.5
313, 2010-11-10, 58.2, 62.2, 54.2, 66.2, 71.9, 60.5, 50.2, 54.2, 46.2, 24
314, 2010-11-11, 57.9, 61.9, 53.9, 65.9, 71.5, 60.3, 50, 54, 46, 24.5
315, 2010-11-12, 57.7, 61.7, 53.7, 65.6, 71.1, 60.1, 49.8, 53.8, 45.8, 25
316, 2010-11-13, 57.4, 61.4, 53.4, 65.3, 70.8, 59.8, 49.5, 53.5, 45.5, 25.5
317, 2010-11-14, 57.2, 61.1, 53.3, 65, 70.4, 59.6, 49.3, 53.4, 45.2, 25.9
318, 2010-11-15, 56.9, 60.8, 53, 64.7, 70, 59.4, 49.1, 53.2, 45, 26.4
319, 2010-11-16, 56.7, 60.6, 52.8, 64.4, 69.6, 59.2, 49, 53.1, 44.9, 26.8
320, 2010-11-17, 56.4, 60.2, 52.6, 64.1, 69.3, 58.9, 48.8, 52.9, 44.7, 27.3
321, 2010-11-18, 56.2, 60, 52.4, 63.8, 68.9, 58.7, 48.6, 52.7, 44.5, 27.6
322, 2010-11-19, 56, 59.8, 52.2, 63.5, 68.6, 58.4, 48.4, 52.5, 44.3, 28
323, 2010-11-20, 55.7, 59.5, 51.9, 63.3, 68.3, 58.3, 48.2, 52.3, 44.1, 28.4
324, 2010-11-21, 55.5, 59.3, 51.7, 63, 68, 58, 48, 52.2, 43.8, 28.8
325, 2010-11-22, 55.3, 59.1, 51.5, 62.7, 67.6, 57.8, 47.8, 52, 43.6, 29.1
326, 2010-11-23, 55, 58.8, 51.2, 62.4, 67.3, 57.5, 47.6, 51.8, 43.4, 29.4
327, 2010-11-24, 54.8, 58.5, 51.1, 62.2, 67, 57.4, 47.4, 51.6, 43.2, 29.7
328, 2010-11-25, 54.6, 58.3, 50.9, 61.9, 66.7, 57.1, 47.3, 51.6, 43, 29.9
329, 2010-11-26, 54.4, 58.1, 50.7, 61.6, 66.3, 56.9, 47.1, 51.4, 42.8, 30.2
330, 2010-11-27, 54.2, 57.9, 50.5, 61.4, 66.1, 56.7, 46.9, 51.2, 42.6, 30.4
331, 2010-11-28, 54, 57.7, 50.3, 61.2, 65.8, 56.6, 46.8, 51.1, 42.5, 30.6
332, 2010-11-29, 53.8, 57.5, 50.1, 60.9, 65.5, 56.3, 46.6, 50.9, 42.3, 30.9
333, 2010-11-30, 53.6, 57.3, 49.9, 60.7, 65.3, 56.1, 46.4, 50.8, 42, 31.1
334, 2010-12-01, 53.4, 57.1, 49.7, 60.5, 65, 56, 46.3, 50.7, 41.9, 31.3
335, 2010-12-02, 53.2, 56.9, 49.5, 60.2, 64.7, 55.7, 46.1, 50.5, 41.7, 31.6
336, 2010-12-03, 53, 56.7, 49.3, 60, 64.5, 55.5, 46, 50.4, 41.6, 31.8
337, 2010-12-04, 52.8, 56.5, 49.1, 59.8, 64.3, 55.3, 45.9, 50.3, 41.5, 32
338, 2010-12-05, 52.7, 56.4, 49, 59.6, 64.1, 55.1, 45.7, 50.1, 41.3, 32.1
339, 2010-12-06, 52.5, 56.2, 48.8, 59.5, 63.9, 55.1, 45.6, 50.1, 41.1, 32.3
340, 2010-12-07, 52.4, 56.1, 48.7, 59.3, 63.7, 54.9, 45.5, 50, 41, 32.4
341, 2010-12-08, 52.2, 56, 48.4, 59.1, 63.5, 54.7, 45.3, 49.8, 40.8, 32.5
342, 2010-12-09, 52.1, 55.9, 48.3, 58.9, 63.3, 54.5, 45.2, 49.8, 40.6, 32.6
343, 2010-12-10, 51.9, 55.7, 48.1, 58.8, 63.3, 54.3, 45.1, 49.7, 40.5, 32.7
344, 2010-12-11, 51.8, 55.7, 47.9, 58.6, 63.1, 54.1, 45, 49.6, 40.4, 32.8
345, 2010-12-12, 51.7, 55.6, 47.8, 58.5, 63, 54, 44.9, 49.6, 40.2, 32.9
346, 2010-12-13, 51.6, 55.5, 47.7, 58.4, 62.9, 53.9, 44.8, 49.5, 40.1, 33
347, 2010-12-14, 51.5, 55.5, 47.5, 58.2, 62.7, 53.7, 44.7, 49.4, 40, 33.1
348, 2010-12-15, 51.4, 55.4, 47.4, 58.1, 62.6, 53.6, 44.6, 49.4, 39.8, 33.1
349, 2010-12-16, 51.3, 55.4, 47.2, 58, 62.6, 53.4, 44.5, 49.3, 39.7, 33.1
350, 2010-12-17, 51.2, 55.3, 47.1, 57.9, 62.5, 53.3, 44.4, 49.2, 39.6, 33.1
351, 2010-12-18, 51.1, 55.2, 47, 57.8, 62.4, 53.2, 44.4, 49.2, 39.6, 33.1
352, 2010-12-19, 51, 55.1, 46.9, 57.7, 62.3, 53.1, 44.3, 49.2, 39.4, 33.1
353, 2010-12-20, 50.9, 55, 46.8, 57.6, 62.2, 53, 44.2, 49.1, 39.3, 33.1
354, 2010-12-21, 50.9, 55.1, 46.7, 57.6, 62.3, 52.9, 44.2, 49.1, 39.3, 33.1
355, 2010-12-22, 50.8, 55, 46.6, 57.5, 62.2, 52.8, 44.1, 49, 39.2, 33.1
356, 2010-12-23, 50.7, 54.9, 46.5, 57.4, 62.1, 52.7, 44, 48.9, 39.1, 33
357, 2010-12-24, 50.7, 54.9, 46.5, 57.4, 62.1, 52.7, 44, 48.9, 39.1, 33
358, 2010-12-25, 50.6, 54.8, 46.4, 57.3, 62.1, 52.5, 43.9, 48.8, 39, 33
359, 2010-12-26, 50.6, 54.8, 46.4, 57.3, 62.1, 52.5, 43.9, 48.8, 39, 33.1
360, 2010-12-27, 50.6, 54.8, 46.4, 57.3, 62.1, 52.5, 43.9, 48.8, 39, 33.2
361, 2010-12-28, 50.5, 54.7, 46.3, 57.2, 62, 52.4, 43.8, 48.7, 38.9, 33.3
362, 2010-12-29, 50.5, 54.8, 46.2, 57.2, 62.1, 52.3, 43.8, 48.7, 38.9, 33.4
363, 2010-12-30, 50.5, 54.7, 46.3, 57.2, 62.1, 52.3, 43.8, 48.7, 38.9, 33.4
364, 2010-12-31, 50.5, 54.7, 46.3, 57.2, 62.1, 52.3, 43.8, 48.7, 38.9, 33.5
