day, date, avg, avgh, avgl, hi, hih, hil, lo, loh, lol, precip
0, 2010-01-01, 51.7, 56.3, 47.1, 56.3, 61.4, 51.2, 47.2, 52.3, 42.1, 33.2
1, 2010-01-02, 51.7, 56.3, 47.1, 56.3, 61.4, 51.2, 47.1, 52.2, 42, 33.2
2, 2010-01-03, 51.7, 56.3, 47.1, 56.3, 61.4, 51.2, 47.1, 52.2, 42, 33.2
3, 2010-01-04, 51.7, 56.3, 47.1, 56.3, 61.4, 51.2, 47.1, 52.2, 42, 33.2
4, 2010-01-05, 51.7, 56.3, 47.1, 56.3, 61.4, 51.2, 47.2, 52.3, 42.1, 33.2
5, 2010-01-06, 51.8, 56.4, 47.2, 56.3, 61.4, 51.2, 47.2, 52.3, 42.1, 33.2
6, 2010-01-07, 51.8, 56.3, 47.3, 56.4, 61.4, 51.4, 47.2, 52.3, 42.1, 33.2
7, 2010-01-08, 51.8, 56.3, 47.3, 56.4, 61.4, 51.4, 47.2, 52.2, 42.2, 33.2
8, 2010-01-09, 51.8, 56.3, 47.3, 56.4, 61.4, 51.4, 47.2, 52.2, 42.2, 33.3
9, 2010-01-10, 51.9, 56.4, 47.4, 56.4, 61.3, 51.5, 47.3, 52.3, 42.3, 33.3
10, 2010-01-11, 51.9, 56.3, 47.5, 56.5, 61.4, 51.6, 47.3, 52.2, 42.4, 33.3
11, 2010-01-12, 51.9, 56.3, 47.5, 56.5, 61.4, 51.6, 47.4, 52.3, 42.5, 33.4
12, 2010-01-13, 52, 56.4, 47.6, 56.6, 61.5, 51.7, 47.4, 52.2, 42.6, 33.5
13, 2010-01-14, 52, 56.3, 47.7, 56.6, 61.4, 51.8, 47.4, 52.2, 42.6, 33.6
14, 2010-01-15, 52.1, 56.4, 47.8, 56.7, 61.5, 51.9, 47.5, 52.3, 42.7, 33.7
15, 2010-01-16, 52.1, 56.4, 47.8, 56.7, 61.6, 51.8, 47.5, 52.3, 42.7, 33.9
16, 2010-01-17, 52.2, 56.5, 47.9, 56.8, 61.7, 51.9, 47.6, 52.4, 42.8, 34
17, 2010-01-18, 52.3, 56.7, 47.9, 56.9, 61.8, 52, 47.6, 52.3, 42.9, 34
18, 2010-01-19, 52.3, 56.7, 47.9, 56.9, 61.8, 52, 47.7, 52.4, 43, 34.1
19, 2010-01-20, 52.4, 56.8, 48, 57, 61.9, 52.1, 47.7, 52.4, 43, 34.3
20, 2010-01-21, 52.5, 56.9, 48.1, 57.1, 62, 52.2, 47.8, 52.5, 43.1, 34.5
21, 2010-01-22, 52.5, 56.9, 48.1, 57.2, 62.2, 52.2, 47.9, 52.6, 43.2, 34.7
22, 2010-01-23, 52.6, 57, 48.2, 57.3, 62.3, 52.3, 47.9, 52.6, 43.2, 34.9
23, 2010-01-24, 52.7, 57.1, 48.3, 57.4, 62.4, 52.4, 48, 52.7, 43.3, 35.1
24, 2010-01-25, 52.7, 57.1, 48.3, 57.4, 62.4, 52.4, 48, 52.7, 43.3, 35.2
25, 2010-01-26, 52.8, 57.2, 48.4, 57.5, 62.6, 52.4, 48.1, 52.8, 43.4, 35.3
26, 2010-01-27, 52.9, 57.3, 48.5, 57.6, 62.7, 52.5, 48.1, 52.8, 43.4, 35.4
27, 2010-01-28, 52.9, 57.3, 48.5, 57.7, 62.8, 52.6, 48.1, 52.8, 43.4, 35.6
28, 2010-01-29, 53, 57.4, 48.6, 57.8, 62.9, 52.7, 48.2, 52.9, 43.5, 35.7
29, 2010-01-30, 53.1, 57.5, 48.7, 57.9, 63, 52.8, 48.2, 52.9, 43.5, 35.8
30, 2010-01-31, 53.2, 57.7, 48.7, 58, 63.2, 52.8, 48.3, 53, 43.6, 36
31, 2010-02-01, 53.2, 57.7, 48.7, 58.1, 63.3, 52.9, 48.3, 53, 43.6, 36.1
32, 2010-02-02, 53.3, 57.7, 48.9, 58.2, 63.4, 53, 48.3, 53, 43.6, 36.3
33, 2010-02-03, 53.4, 57.8, 49, 58.3, 63.5, 53.1, 48.4, 53.1, 43.7, 36.5
34, 2010-02-04, 53.4, 57.9, 48.9, 58.5, 63.7, 53.3, 48.4, 53.1, 43.7, 36.6
35, 2010-02-05, 53.5, 58, 49, 58.6, 63.9, 53.3, 48.4, 53, 43.8, 36.8
36, 2010-02-06, 53.5, 58, 49, 58.7, 64, 53.4, 48.4, 53, 43.8, 36.9
37, 2010-02-07, 53.6, 58.1, 49.1, 58.8, 64.1, 53.5, 48.5, 53.1, 43.9, 37.1
38, 2010-02-08, 53.7, 58.2, 49.2, 58.9, 64.3, 53.5, 48.5, 53.1, 43.9, 37.3
39, 2010-02-09, 53.7, 58.2, 49.2, 59, 64.4, 53.6, 48.5, 53.1, 43.9, 37.4
40, 2010-02-10, 53.8, 58.3, 49.3, 59.1, 64.5, 53.7, 48.5, 53.1, 43.9, 37.5
41, 2010-02-11, 53.8, 58.3, 49.3, 59.2, 64.7, 53.7, 48.5, 53.1, 43.9, 37.6
42, 2010-02-12, 53.9, 58.4, 49.4, 59.2, 64.7, 53.7, 48.5, 53, 44, 37.7
43, 2010-02-13, 53.9, 58.4, 49.4, 59.3, 64.8, 53.8, 48.5, 53, 44, 37.8
44, 2010-02-14, 54, 58.5, 49.5, 59.4, 64.9, 53.9, 48.5, 53, 44, 37.8
45, 2010-02-15, 54, 58.5, 49.5, 59.5, 65.1, 53.9, 48.5, 53, 44, 37.9
46, 2010-02-16, 54.1, 58.6, 49.6, 59.6, 65.2, 54, 48.5, 53, 44, 38
47, 2010-02-17, 54.1, 58.6, 49.6, 59.7, 65.3, 54.1, 48.5, 52.9, 44.1, 38
48, 2010-02-18, 54.2, 58.7, 49.7, 59.8, 65.4, 54.2, 48.5, 52.9, 44.1, 38
49, 2010-02-19, 54.2, 58.7, 49.7, 59.8, 65.4, 54.2, 48.5, 52.9, 44.1, 37.9
50, 2010-02-20, 54.2, 58.7, 49.7, 59.9, 65.5, 54.3, 48.5, 52.9, 44.1, 37.8
51, 2010-02-21, 54.3, 58.8, 49.8, 60, 65.6, 54.4, 48.5, 52.9, 44.1, 37.7
52, 2010-02-22, 54.3, 58.8, 49.8, 60.1, 65.7, 54.5, 48.5, 52.8, 44.2, 37.5
53, 2010-02-23, 54.3, 58.8, 49.8, 60.1, 65.7, 54.5, 48.5, 52.8, 44.2, 37.3
54, 2010-02-24, 54.4, 58.9, 49.9, 60.2, 65.9, 54.5, 48.5, 52.8, 44.2, 37.1
55, 2010-02-25, 54.4, 58.8, 50, 60.2, 65.9, 54.5, 48.5, 52.8, 44.2, 36.9
56, 2010-02-26, 54.4, 58.8, 50, 60.3, 66, 54.6, 48.5, 52.8, 44.2, 36.7
57, 2010-02-27, 54.5, 58.9, 50.1, 60.4, 66.1, 54.7, 48.5, 52.7, 44.3, 36.6
58, 2010-02-28, 54.5, 58.9, 50.1, 60.4, 66.1, 54.7, 48.5, 52.7, 44.3, 36.3
59, 2010-03-01, 54.5, 58.9, 50.1, 60.5, 66.3, 54.7, 48.6, 52.8, 44.4, 35.8
60, 2010-03-02, 54.5, 58.9, 50.1, 60.5, 66.3, 54.7, 48.6, 52.8, 44.4, 35.5
61, 2010-03-03, 54.6, 59, 50.2, 60.6, 66.4, 54.8, 48.6, 52.8, 44.4, 35.1
62, 2010-03-04, 54.6, 59, 50.2, 60.6, 66.4, 54.8, 48.6, 52.8, 44.4, 34.8
63, 2010-03-05, 54.6, 59, 50.2, 60.7, 66.5, 54.9, 48.6, 52.7, 44.5, 34.4
64, 2010-03-06, 54.6, 59, 50.2, 60.7, 66.5, 54.9, 48.6, 52.7, 44.5, 34
65, 2010-03-07, 54.7, 59.1, 50.3, 60.8, 66.6, 55, 48.6, 52.7, 44.5, 33.6
66, 2010-03-08, 54.7, 59.1, 50.3, 60.8, 66.7, 54.9, 48.6, 52.7, 44.5, 33.1
67, 2010-03-09, 54.7, 59.1, 50.3, 60.9, 66.8, 55, 48.6, 52.7, 44.5, 32.7
68, 2010-03-10, 54.8, 59.2, 50.4, 60.9, 66.8, 55, 48.6, 52.7, 44.5, 32.3
69, 2010-03-11, 54.8, 59.2, 50.4, 61, 66.9, 55.1, 48.6, 52.7, 44.5, 31.9
70, 2010-03-12, 54.8, 59.2, 50.4, 61, 66.9, 55.1, 48.6, 52.7, 44.5, 31.4
71, 2010-03-13, 54.8, 59.2, 50.4, 61.1, 67, 55.2, 48.6, 52.7, 44.5, 31
72, 2010-03-14, 54.9, 59.4, 50.4, 61.1, 67.1, 55.1, 48.7, 52.8, 44.6, 30.5
73, 2010-03-15, 54.9, 59.4, 50.4, 61.2, 67.2, 55.2, 48.7, 52.7, 44.7, 30.1
74, 2010-03-16, 55, 59.5, 50.5, 61.2, 67.2, 55.2, 48.7, 52.7, 44.7, 29.6
75, 2010-03-17, 55, 59.5, 50.5, 61.3, 67.3, 55.3, 48.7, 52.7, 44.7, 29.1
76, 2010-03-18, 55, 59.5, 50.5, 61.3, 67.4, 55.2, 48.7, 52.7, 44.7, 28.5
77, 2010-03-19, 55.1, 59.6, 50.6, 61.4, 67.5, 55.3, 48.7, 52.7, 44.7, 28
78, 2010-03-20, 55.1, 59.6, 50.6, 61.5, 67.7, 55.3, 48.7, 52.7, 44.7, 27.6
79, 2010-03-21, 55.1, 59.6, 50.6, 61.5, 67.7, 55.3, 48.8, 52.8, 44.8, 27.2
80, 2010-03-22, 55.2, 59.8, 50.6, 61.6, 67.9, 55.3, 48.8, 52.8, 44.8, 26.7
81, 2010-03-23, 55.2, 59.8, 50.6, 61.7, 68, 55.4, 48.8, 52.8, 44.8, 26.4
82, 2010-03-24, 55.3, 59.9, 50.7, 61.8, 68.2, 55.4, 48.8, 52.8, 44.8, 26
83, 2010-03-25, 55.3, 59.9, 50.7, 61.9, 68.4, 55.4, 48.8, 52.8, 44.8, 25.6
84, 2010-03-26, 55.4, 60, 50.8, 61.9, 68.4, 55.4, 48.8, 52.8, 44.8, 25.2
85, 2010-03-27, 55.4, 60, 50.8, 62, 68.6, 55.4, 48.8, 52.8, 44.8, 24.8
86, 2010-03-28, 55.5, 60.1, 50.9, 62.1, 68.7, 55.5, 48.9, 52.9, 44.9, 24.4
87, 2010-03-29, 55.5, 60.1, 50.9, 62.2, 68.8, 55.6, 48.9, 52.9, 44.9, 24
88, 2010-03-30, 55.6, 60.2, 51, 62.3, 69, 55.6, 48.9, 52.8, 45, 23.7
89, 2010-03-31, 55.7, 60.3, 51.1, 62.4, 69.1, 55.7, 48.9, 52.8, 45, 23.3
90, 2010-04-01, 55.7, 60.3, 51.1, 62.5, 69.3, 55.7, 48.9, 52.8, 45, 23
91, 2010-04-02, 55.8, 60.4, 51.2, 62.6, 69.4, 55.8, 49, 52.9, 45.1, 22.7
92, 2010-04-03, 55.8, 60.4, 51.2, 62.7, 69.6, 55.8, 49, 52.9, 45.1, 22.4
93, 2010-04-04, 55.9, 60.5, 51.3, 62.8, 69.7, 55.9, 49, 52.8, 45.2, 22.1
94, 2010-04-05, 56, 60.6, 51.4, 62.9, 69.9, 55.9, 49, 52.8, 45.2, 21.8
95, 2010-04-06, 56, 60.6, 51.4, 63, 70, 56, 49, 52.8, 45.2, 21.6
96, 2010-04-07, 56.1, 60.7, 51.5, 63.1, 70.1, 56.1, 49.1, 52.9, 45.3, 21.3
97, 2010-04-08, 56.1, 60.7, 51.5, 63.2, 70.3, 56.1, 49.1, 52.8, 45.4, 21.1
98, 2010-04-09, 56.2, 60.8, 51.6, 63.3, 70.4, 56.2, 49.1, 52.8, 45.4, 20.9
99, 2010-04-10, 56.3, 60.9, 51.7, 63.4, 70.5, 56.3, 49.1, 52.8, 45.4, 20.6
100, 2010-04-11, 56.3, 60.9, 51.7, 63.5, 70.7, 56.3, 49.2, 52.9, 45.5, 20.4
101, 2010-04-12, 56.4, 61, 51.8, 63.6, 70.8, 56.4, 49.2, 52.9, 45.5, 20.2
102, 2010-04-13, 56.5, 61.1, 51.9, 63.7, 70.9, 56.5, 49.2, 52.8, 45.6, 20
103, 2010-04-14, 56.5, 61.1, 51.9, 63.8, 71, 56.6, 49.3, 52.9, 45.7, 19.8
104, 2010-04-15, 56.6, 61.2, 52, 63.9, 71.1, 56.7, 49.3, 52.9, 45.7, 19.7
105, 2010-04-16, 56.7, 61.2, 52.2, 64, 71.2, 56.8, 49.3, 52.9, 45.7, 19.5
106, 2010-04-17, 56.7, 61.2, 52.2, 64.1, 71.3, 56.9, 49.4, 53, 45.8, 19.4
107, 2010-04-18, 56.8, 61.3, 52.3, 64.2, 71.4, 57, 49.4, 52.9, 45.9, 19.2
108, 2010-04-19, 56.9, 61.4, 52.4, 64.3, 71.5, 57.1, 49.5, 53, 46, 19
109, 2010-04-20, 56.9, 61.4, 52.4, 64.4, 71.6, 57.2, 49.5, 53, 46, 18.8
110, 2010-04-21, 57, 61.5, 52.5, 64.5, 71.7, 57.3, 49.6, 53.1, 46.1, 18.6
111, 2010-04-22, 57.1, 61.6, 52.6, 64.5, 71.7, 57.3, 49.6, 53.1, 46.1, 18.4
112, 2010-04-23, 57.1, 61.5, 52.7, 64.6, 71.8, 57.4, 49.7, 53.2, 46.2, 18.2
113, 2010-04-24, 57.2, 61.6, 52.8, 64.7, 71.8, 57.6, 49.7, 53.1, 46.3, 17.9
114, 2010-04-25, 57.3, 61.7, 52.9, 64.8, 71.9, 57.7, 49.8, 53.2, 46.4, 17.7
115, 2010-04-26, 57.4, 61.8, 53, 64.8, 71.9, 57.7, 49.9, 53.3, 46.5, 17.4
116, 2010-04-27, 57.4, 61.8, 53, 64.9, 72.1, 57.7, 49.9, 53.3, 46.5, 17.2
117, 2010-04-28, 57.5, 61.9, 53.1, 65, 72.2, 57.8, 50, 53.4, 46.6, 17
118, 2010-04-29, 57.6, 62.1, 53.1, 65.1, 72.3, 57.9, 50.1, 53.5, 46.7, 16.8
119, 2010-04-30, 57.6, 62.1, 53.1, 65.1, 72.3, 57.9, 50.2, 53.6, 46.8, 16.6
120, 2010-05-01, 57.7, 62.2, 53.2, 65.2, 72.4, 58, 50.2, 53.6, 46.8, 16.4
121, 2010-05-02, 57.8, 62.3, 53.3, 65.2, 72.4, 58, 50.3, 53.7, 46.9, 16.2
122, 2010-05-03, 57.8, 62.3, 53.3, 65.3, 72.5, 58.1, 50.4, 53.9, 46.9, 16
123, 2010-05-04, 57.9, 62.4, 53.4, 65.4, 72.6, 58.2, 50.5, 54, 47, 15.8
124, 2010-05-05, 58, 62.5, 53.5, 65.4, 72.6, 58.2, 50.6, 54.1, 47.1, 15.5
125, 2010-05-06, 58.1, 62.6, 53.6, 65.5, 72.7, 58.3, 50.7, 54.2, 47.2, 15.3
126, 2010-05-07, 58.1, 62.6, 53.6, 65.5, 72.7, 58.3, 50.7, 54.2, 47.2, 15.1
127, 2010-05-08, 58.2, 62.7, 53.7, 65.6, 72.8, 58.4, 50.8, 54.3, 47.3, 14.8
128, 2010-05-09, 58.3, 62.8, 53.8, 65.7, 72.9, 58.5, 50.9, 54.4, 47.4, 14.6
129, 2010-05-10, 58.4, 62.9, 53.9, 65.7, 72.9, 58.5, 51, 54.5, 47.5, 14.4
130, 2010-05-11, 58.4, 62.9, 53.9, 65.8, 73, 58.6, 51.1, 54.6, 47.6, 14.1
131, 2010-05-12, 58.5, 63, 54, 65.8, 73, 58.6, 51.2, 54.7, 47.7, 13.9
132, 2010-05-13, 58.6, 63.1, 54.1, 65.9, 73.1, 58.7, 51.3, 54.8, 47.8, 13.7
133, 2010-05-14, 58.7, 63.2, 54.2, 66, 73.2, 58.8, 51.4, 54.9, 47.9, 13.4
134, 2010-05-15, 58.7, 63.2, 54.2, 66, 73.1, 58.9, 51.5, 55, 48, 13.2
135, 2010-05-16, 58.8, 63.2, 54.4, 66.1, 73.2, 59, 51.5, 55, 48, 12.9
136, 2010-05-17, 58.9, 63.3, 54.5, 66.2, 73.3, 59.1, 51.6, 55.1, 48.1, 12.7
137, 2010-05-18, 59, 63.4, 54.6, 66.3, 73.4, 59.2, 51.7, 55.2, 48.2, 12.5
138, 2010-05-19, 59.1, 63.5, 54.7, 66.3, 73.4, 59.2, 51.8, 55.3, 48.3, 12.3
139, 2010-05-20, 59.1, 63.4, 54.8, 66.4, 73.4, 59.4, 51.9, 55.3, 48.5, 12
140, 2010-05-21, 59.2, 63.5, 54.9, 66.5, 73.5, 59.5, 52, 55.4, 48.6, 11.8
141, 2010-05-22, 59.3, 63.6, 55, 66.6, 73.6, 59.6, 52, 55.4, 48.6, 11.6
142, 2010-05-23, 59.4, 63.7, 55.1, 66.7, 73.7, 59.7, 52.1, 55.5, 48.7, 11.4
143, 2010-05-24, 59.5, 63.7, 55.3, 66.8, 73.8, 59.8, 52.2, 55.6, 48.8, 11.2
144, 2010-05-25, 59.6, 63.8, 55.4, 66.9, 73.9, 59.9, 52.3, 55.7, 48.9, 11
145, 2010-05-26, 59.6, 63.8, 55.4, 67, 73.9, 60.1, 52.3, 55.6, 49, 10.7
146, 2010-05-27, 59.7, 63.8, 55.6, 67.1, 74, 60.2, 52.4, 55.7, 49.1, 10.5
147, 2010-05-28, 59.8, 63.9, 55.7, 67.2, 74.1, 60.3, 52.5, 55.8, 49.2, 10.2
148, 2010-05-29, 59.9, 64, 55.8, 67.3, 74.2, 60.4, 52.5, 55.8, 49.2, 9.9
149, 2010-05-30, 60, 64.1, 55.9, 67.4, 74.3, 60.5, 52.6, 55.9, 49.3, 9.7
150, 2010-05-31, 60.1, 64.2, 56, 67.5, 74.4, 60.6, 52.6, 55.9, 49.3, 9.4
151, 2010-06-01, 60.2, 64.3, 56.1, 67.6, 74.5, 60.7, 52.7, 55.9, 49.5, 9.2
152, 2010-06-02, 60.2, 64.3, 56.1, 67.8, 74.8, 60.8, 52.7, 55.9, 49.5, 8.9
153, 2010-06-03, 60.3, 64.4, 56.2, 67.9, 74.9, 60.9, 52.8, 56, 49.6, 8.7
154, 2010-06-04, 60.4, 64.5, 56.3, 68, 75, 61, 52.8, 56, 49.6, 8.5
155, 2010-06-05, 60.5, 64.6, 56.4, 68.1, 75.2, 61, 52.9, 56.1, 49.7, 8.2
156, 2010-06-06, 60.6, 64.7, 56.5, 68.3, 75.4, 61.2, 52.9, 56.1, 49.7, 8
157, 2010-06-07, 60.7, 64.8, 56.6, 68.4, 75.6, 61.2, 53, 56.2, 49.8, 7.7
158, 2010-06-08, 60.8, 64.9, 56.7, 68.5, 75.7, 61.3, 53, 56.2, 49.8, 7.5
159, 2010-06-09, 60.8, 65, 56.6, 68.6, 75.9, 61.3, 53, 56.2, 49.8, 7.2
160, 2010-06-10, 60.9, 65.1, 56.7, 68.8, 76.1, 61.5, 53.1, 56.3, 49.9, 6.9
161, 2010-06-11, 61, 65.2, 56.8, 68.9, 76.3, 61.5, 53.1, 56.2, 50, 6.6
162, 2010-06-12, 61.1, 65.3, 56.9, 69, 76.4, 61.6, 53.2, 56.3, 50.1, 6.4
163, 2010-06-13, 61.2, 65.4, 57, 69.1, 76.6, 61.6, 53.2, 56.3, 50.1, 6.1
164, 2010-06-14, 61.2, 65.5, 56.9, 69.2, 76.8, 61.6, 53.2, 56.3, 50.1, 5.9
165, 2010-06-15, 61.3, 65.6, 57, 69.4, 77, 61.8, 53.3, 56.4, 50.2, 5.7
166, 2010-06-16, 61.4, 65.7, 57.1, 69.5, 77.2, 61.8, 53.3, 56.4, 50.2, 5.4
167, 2010-06-17, 61.5, 65.8, 57.2, 69.6, 77.3, 61.9, 53.3, 56.4, 50.2, 5.2
168, 2010-06-18, 61.5, 65.8, 57.2, 69.7, 77.5, 61.9, 53.4, 56.5, 50.3, 4.9
169, 2010-06-19, 61.6, 65.9, 57.3, 69.8, 77.6, 62, 53.4, 56.5, 50.3, 4.7
170, 2010-06-20, 61.7, 66, 57.4, 69.9, 77.7, 62.1, 53.5, 56.6, 50.4, 4.5
171, 2010-06-21, 61.7, 66.1, 57.3, 70, 77.8, 62.2, 53.5, 56.6, 50.4, 4.3
172, 2010-06-22, 61.8, 66.2, 57.4, 70.1, 77.9, 62.3, 53.6, 56.7, 50.5, 4.2
173, 2010-06-23, 61.9, 66.3, 57.5, 70.1, 77.9, 62.3, 53.6, 56.7, 50.5, 4
174, 2010-06-24, 61.9, 66.3, 57.5, 70.2, 78.1, 62.3, 53.6, 56.7, 50.5, 3.8
175, 2010-06-25, 62, 66.4, 57.6, 70.3, 78.2, 62.4, 53.7, 56.8, 50.6, 3.7
176, 2010-06-26, 62, 66.4, 57.6, 70.4, 78.3, 62.5, 53.7, 56.8, 50.6, 3.5
177, 2010-06-27, 62.1, 66.5, 57.7, 70.4, 78.2, 62.6, 53.8, 56.9, 50.7, 3.4
178, 2010-06-28, 62.2, 66.6, 57.8, 70.5, 78.3, 62.7, 53.8, 56.8, 50.8, 3.2
179, 2010-06-29, 62.2, 66.6, 57.8, 70.5, 78.3, 62.7, 53.9, 56.9, 50.9, 3.1
180, 2010-06-30, 62.3, 66.7, 57.9, 70.6, 78.4, 62.8, 53.9, 56.9, 50.9, 2.9
181, 2010-07-01, 62.3, 66.7, 57.9, 70.6, 78.3, 62.9, 54, 57, 51, 2.8
182, 2010-07-02, 62.4, 66.7, 58.1, 70.7, 78.4, 63, 54.1, 57.1, 51.1, 2.6
183, 2010-07-03, 62.4, 66.7, 58.1, 70.7, 78.4, 63, 54.1, 57.1, 51.1, 2.4
184, 2010-07-04, 62.4, 66.7, 58.1, 70.7, 78.3, 63.1, 54.2, 57.2, 51.2, 2.3
185, 2010-07-05, 62.5, 66.8, 58.2, 70.7, 78.3, 63.1, 54.2, 57.2, 51.2, 2.2
186, 2010-07-06, 62.5, 66.8, 58.2, 70.8, 78.3, 63.3, 54.3, 57.3, 51.3, 2.1
187, 2010-07-07, 62.6, 66.8, 58.4, 70.8, 78.3, 63.3, 54.3, 57.2, 51.4, 2
188, 2010-07-08, 62.6, 66.8, 58.4, 70.8, 78.2, 63.4, 54.4, 57.3, 51.5, 2
189, 2010-07-09, 62.6, 66.8, 58.4, 70.8, 78.2, 63.4, 54.5, 57.4, 51.6, 1.9
190, 2010-07-10, 62.7, 66.9, 58.5, 70.8, 78.1, 63.5, 54.5, 57.4, 51.6, 1.9
191, 2010-07-11, 62.7, 66.8, 58.6, 70.8, 78.1, 63.5, 54.6, 57.5, 51.7, 1.9
192, 2010-07-12, 62.7, 66.8, 58.6, 70.8, 78, 63.6, 54.6, 57.5, 51.7, 1.8
193, 2010-07-13, 62.8, 66.9, 58.7, 70.8, 78, 63.6, 54.7, 57.6, 51.8, 1.8
194, 2010-07-14, 62.8, 66.9, 58.7, 70.8, 77.9, 63.7, 54.7, 57.5, 51.9, 1.8
195, 2010-07-15, 62.8, 66.9, 58.7, 70.8, 77.9, 63.7, 54.8, 57.6, 52, 1.7
196, 2010-07-16, 62.8, 66.9, 58.7, 70.8, 77.9, 63.7, 54.9, 57.7, 52.1, 1.7
197, 2010-07-17, 62.9, 67, 58.8, 70.8, 77.9, 63.7, 54.9, 57.7, 52.1, 1.8
198, 2010-07-18, 62.9, 66.9, 58.9, 70.8, 77.8, 63.8, 55, 57.8, 52.2, 1.8
199, 2010-07-19, 62.9, 66.9, 58.9, 70.8, 77.8, 63.8, 55, 57.8, 52.2, 1.8
200, 2010-07-20, 62.9, 66.9, 58.9, 70.8, 77.8, 63.8, 55.1, 57.9, 52.3, 1.8
201, 2010-07-21, 63, 67, 59, 70.8, 77.9, 63.7, 55.1, 57.9, 52.3, 1.8
202, 2010-07-22, 63, 67.1, 58.9, 70.8, 77.9, 63.7, 55.1, 57.9, 52.3, 1.9
203, 2010-07-23, 63, 67.1, 58.9, 70.8, 77.9, 63.7, 55.2, 58, 52.4, 1.9
204, 2010-07-24, 63, 67.1, 58.9, 70.8, 77.9, 63.7, 55.2, 57.9, 52.5, 1.9
205, 2010-07-25, 63, 67.1, 58.9, 70.8, 77.9, 63.7, 55.3, 58, 52.6, 2
206, 2010-07-26, 63.1, 67.2, 59, 70.8, 77.9, 63.7, 55.3, 58, 52.6, 2.1
207, 2010-07-27, 63.1, 67.2, 59, 70.8, 77.9, 63.7, 55.3, 58, 52.6, 2.1
208, 2010-07-28, 63.1, 67.1, 59.1, 70.9, 78, 63.8, 55.3, 58, 52.6, 2.2
209, 2010-07-29, 63.1, 67.1, 59.1, 70.9, 78, 63.8, 55.4, 58.1, 52.7, 2.2
210, 2010-07-30, 63.1, 67.1, 59.1, 70.9, 78, 63.8, 55.4, 58.1, 52.7, 2.3
211, 2010-07-31, 63.2, 67.2, 59.2, 70.9, 78, 63.8, 55.4, 58.1, 52.7, 2.4
212, 2010-08-01, 63.2, 67.2, 59.2, 71, 78.1, 63.9, 55.4, 58.1, 52.7, 2.5
213, 2010-08-02, 63.2, 67.2, 59.2, 71, 78.1, 63.9, 55.4, 58.1, 52.7, 2.5
214, 2010-08-03, 63.2, 67.2, 59.2, 71, 78, 64, 55.5, 58.2, 52.8, 2.6
215, 2010-08-04, 63.3, 67.3, 59.3, 71.1, 78.1, 64.1, 55.5, 58.2, 52.8, 2.7
216, 2010-08-05, 63.3, 67.3, 59.3, 71.1, 78.1, 64.1, 55.5, 58.3, 52.7, 2.8
217, 2010-08-06, 63.3, 67.3, 59.3, 71.1, 78.1, 64.1, 55.5, 58.3, 52.7, 2.8
218, 2010-08-07, 63.3, 67.3, 59.3, 71.2, 78.2, 64.2, 55.5, 58.3, 52.7, 2.9
219, 2010-08-08, 63.4, 67.4, 59.4, 71.2, 78.1, 64.3, 55.5, 58.3, 52.7, 2.9
220, 2010-08-09, 63.4, 67.4, 59.4, 71.3, 78.2, 64.4, 55.5, 58.4, 52.6, 3
221, 2010-08-10, 63.4, 67.4, 59.4, 71.3, 78.2, 64.4, 55.5, 58.4, 52.6, 3
222, 2010-08-11, 63.5, 67.5, 59.5, 71.4, 78.2, 64.6, 55.5, 58.4, 52.6, 3.1
223, 2010-08-12, 63.5, 67.5, 59.5, 71.5, 78.3, 64.7, 55.5, 58.4, 52.6, 3.1
224, 2010-08-13, 63.5, 67.5, 59.5, 71.5, 78.3, 64.7, 55.5, 58.5, 52.5, 3.2
225, 2010-08-14, 63.6, 67.6, 59.6, 71.6, 78.4, 64.8, 55.5, 58.5, 52.5, 3.3
226, 2010-08-15, 63.6, 67.6, 59.6, 71.6, 78.4, 64.8, 55.6, 58.6, 52.6, 3.3
227, 2010-08-16, 63.6, 67.6, 59.6, 71.7, 78.5, 64.9, 55.6, 58.7, 52.5, 3.4
228, 2010-08-17, 63.7, 67.7, 59.7, 71.7, 78.4, 65, 55.6, 58.7, 52.5, 3.4
229, 2010-08-18, 63.7, 67.7, 59.7, 71.8, 78.5, 65.1, 55.6, 58.7, 52.5, 3.4
230, 2010-08-19, 63.7, 67.7, 59.7, 71.9, 78.6, 65.2, 55.6, 58.8, 52.4, 3.5
231, 2010-08-20, 63.8, 67.8, 59.8, 71.9, 78.6, 65.2, 55.6, 58.8, 52.4, 3.6
232, 2010-08-21, 63.8, 67.9, 59.7, 72, 78.6, 65.4, 55.6, 58.8, 52.4, 3.6
233, 2010-08-22, 63.8, 67.9, 59.7, 72, 78.6, 65.4, 55.6, 58.9, 52.3, 3.7
234, 2010-08-23, 63.9, 68, 59.8, 72.1, 78.7, 65.5, 55.7, 59, 52.4, 3.8
235, 2010-08-24, 63.9, 68, 59.8, 72.2, 78.8, 65.6, 55.7, 59, 52.4, 3.8
236, 2010-08-25, 64, 68.1, 59.9, 72.2, 78.7, 65.7, 55.7, 59, 52.4, 3.9
237, 2010-08-26, 64, 68.1, 59.9, 72.3, 78.8, 65.8, 55.7, 59.1, 52.3, 4
238, 2010-08-27, 64, 68.1, 59.9, 72.3, 78.8, 65.8, 55.8, 59.2, 52.4, 4.1
239, 2010-08-28, 64.1, 68.2, 60, 72.4, 78.9, 65.9, 55.8, 59.2, 52.4, 4.2
240, 2010-08-29, 64.1, 68.2, 60, 72.4, 78.9, 65.9, 55.8, 59.2, 52.4, 4.4
241, 2010-08-30, 64.1, 68.2, 60, 72.4, 78.9, 65.9, 55.8, 59.3, 52.3, 4.5
242, 2010-08-31, 64.2, 68.4, 60, 72.5, 79, 66, 55.9, 59.4, 52.4, 4.6
243, 2010-09-01, 64.2, 68.4, 60, 72.5, 79.1, 65.9, 55.9, 59.4, 52.4, 4.7
244, 2010-09-02, 64.2, 68.4, 60, 72.5, 79.1, 65.9, 55.9, 59.4, 52.4, 4.8
245, 2010-09-03, 64.3, 68.5, 60.1, 72.6, 79.2, 66, 56, 59.5, 52.5, 4.9
246, 2010-09-04, 64.3, 68.5, 60.1, 72.6, 79.2, 66, 56, 59.5, 52.5, 5.1
247, 2010-09-05, 64.3, 68.5, 60.1, 72.6, 79.2, 66, 56, 59.5, 52.5, 5.2
248, 2010-09-06, 64.3, 68.5, 60.1, 72.6, 79.2, 66, 56.1, 59.6, 52.6, 5.4
249, 2010-09-07, 64.4, 68.6, 60.2, 72.6, 79.3, 65.9, 56.1, 59.7, 52.5, 5.5
250, 2010-09-08, 64.4, 68.7, 60.1, 72.7, 79.4, 66, 56.1, 59.7, 52.5, 5.7
251, 2010-09-09, 64.4, 68.7, 60.1, 72.7, 79.4, 66, 56.2, 59.8, 52.6, 5.8
252, 2010-09-10, 64.4, 68.7, 60.1, 72.7, 79.5, 65.9, 56.2, 59.8, 52.6, 5.9
253, 2010-09-11, 64.4, 68.7, 60.1, 72.6, 79.4, 65.8, 56.2, 59.8, 52.6, 6.1
254, 2010-09-12, 64.4, 68.7, 60.1, 72.6, 79.4, 65.8, 56.2, 59.8, 52.6, 6.2
255, 2010-09-13, 64.4, 68.7, 60.1, 72.6, 79.4, 65.8, 56.3, 59.9, 52.7, 6.3
256, 2010-09-14, 64.4, 68.7, 60.1, 72.6, 79.5, 65.7, 56.3, 59.9, 52.7, 6.5
257, 2010-09-15, 64.4, 68.7, 60.1, 72.6, 79.5, 65.7, 56.3, 59.9, 52.7, 6.6
258, 2010-09-16, 64.4, 68.7, 60.1, 72.6, 79.5, 65.7, 56.3, 60, 52.6, 6.7
259, 2010-09-17, 64.4, 68.7, 60.1, 72.5, 79.4, 65.6, 56.3, 60, 52.6, 6.8
260, 2010-09-18, 64.4, 68.8, 60, 72.5, 79.5, 65.5, 56.3, 60, 52.6, 7
261, 2010-09-19, 64.4, 68.8, 60, 72.4, 79.4, 65.4, 56.3, 60, 52.6, 7
262, 2010-09-20, 64.4, 68.8, 60, 72.4, 79.5, 65.3, 56.3, 60, 52.6, 7.1
263, 2010-09-21, 64.3, 68.7, 59.9, 72.3, 79.4, 65.2, 56.3, 60, 52.6, 7.2
264, 2010-09-22, 64.3, 68.8, 59.8, 72.3, 79.4, 65.2, 56.3, 60.1, 52.5, 7.4
265, 2010-09-23, 64.3, 68.8, 59.8, 72.2, 79.4, 65, 56.3, 60.1, 52.5, 7.5
266, 2010-09-24, 64.2, 68.7, 59.7, 72.2, 79.4, 65, 56.3, 60.1, 52.5, 7.6
267, 2010-09-25, 64.2, 68.8, 59.6, 72.1, 79.4, 64.8, 56.3, 60.1, 52.5, 7.7
268, 2010-09-26, 64.1, 68.7, 59.5, 72, 79.3, 64.7, 56.3, 60.2, 52.4, 7.8
269, 2010-09-27, 64.1, 68.7, 59.5, 71.9, 79.2, 64.6, 56.2, 60.1, 52.3, 7.8
270, 2010-09-28, 64, 68.7, 59.3, 71.9, 79.3, 64.5, 56.2, 60.2, 52.2, 7.9
271, 2010-09-29, 64, 68.7, 59.3, 71.8, 79.2, 64.4, 56.1, 60.1, 52.1, 8.1
272, 2010-09-30, 63.9, 68.7, 59.1, 71.7, 79.1, 64.3, 56.1, 60.1, 52.1, 8.2
273, 2010-10-01, 63.8, 68.6, 59, 71.6, 79.1, 64.1, 56, 60.1, 51.9, 8.4
274, 2010-10-02, 63.7, 68.6, 58.8, 71.5, 79, 64, 56, 60.1, 51.9, 8.5
275, 2010-10-03, 63.6, 68.5, 58.7, 71.4, 78.9, 63.9, 55.9, 60, 51.8, 8.7
276, 2010-10-04, 63.6, 68.5, 58.7, 71.2, 78.8, 63.6, 55.9, 60.1, 51.7, 8.8
277, 2010-10-05, 63.5, 68.5, 58.5, 71.1, 78.7, 63.5, 55.8, 60, 51.6, 9
278, 2010-10-06, 63.4, 68.4, 58.4, 71, 78.6, 63.4, 55.7, 59.9, 51.5, 9.1
279, 2010-10-07, 63.3, 68.4, 58.2, 70.9, 78.5, 63.3, 55.7, 60, 51.4, 9.3
280, 2010-10-08, 63.1, 68.2, 58, 70.7, 78.3, 63.1, 55.6, 59.9, 51.3, 9.5
281, 2010-10-09, 63, 68.1, 57.9, 70.6, 78.3, 62.9, 55.5, 59.8, 51.2, 9.7
282, 2010-10-10, 62.9, 68, 57.8, 70.4, 78.1, 62.7, 55.4, 59.8, 51, 9.9
283, 2010-10-11, 62.8, 68, 57.6, 70.3, 77.9, 62.7, 55.3, 59.7, 50.9, 10.2
284, 2010-10-12, 62.7, 67.9, 57.5, 70.1, 77.7, 62.5, 55.2, 59.6, 50.8, 10.4
285, 2010-10-13, 62.5, 67.7, 57.3, 70, 77.6, 62.4, 55.1, 59.5, 50.7, 10.7
286, 2010-10-14, 62.4, 67.6, 57.2, 69.8, 77.4, 62.2, 55, 59.5, 50.5, 11
287, 2010-10-15, 62.3, 67.5, 57.1, 69.6, 77.2, 62, 54.9, 59.4, 50.4, 11.3
288, 2010-10-16, 62.1, 67.4, 56.8, 69.4, 76.9, 61.9, 54.8, 59.3, 50.3, 11.7
289, 2010-10-17, 62, 67.3, 56.7, 69.2, 76.7, 61.7, 54.8, 59.3, 50.3, 12
290, 2010-10-18, 61.8, 67.1, 56.5, 69, 76.4, 61.6, 54.7, 59.2, 50.2, 12.4
291, 2010-10-19, 61.7, 66.9, 56.5, 68.8, 76.2, 61.4, 54.6, 59.2, 50, 12.8
292, 2010-10-20, 61.5, 66.7, 56.3, 68.6, 75.9, 61.3, 54.5, 59.1, 49.9, 13.2
293, 2010-10-21, 61.4, 66.6, 56.2, 68.4, 75.6, 61.2, 54.4, 59, 49.8, 13.7
294, 2010-10-22, 61.2, 66.4, 56, 68.2, 75.4, 61, 54.3, 58.8, 49.8, 14.1
295, 2010-10-23, 61.1, 66.3, 55.9, 68, 75.1, 60.9, 54.2, 58.7, 49.7, 14.6
296, 2010-10-24, 60.9, 66, 55.8, 67.8, 74.8, 60.8, 54.1, 58.6, 49.6, 15.1
297, 2010-10-25, 60.7, 65.8, 55.6, 67.5, 74.4, 60.6, 54, 58.5, 49.5, 15.5
298, 2010-10-26, 60.6, 65.7, 55.5, 67.3, 74.2, 60.4, 53.9, 58.4, 49.4, 16
299, 2010-10-27, 60.4, 65.5, 55.3, 67.1, 73.9, 60.3, 53.8, 58.3, 49.3, 16.5
300, 2010-10-28, 60.2, 65.2, 55.2, 66.8, 73.5, 60.1, 53.7, 58.2, 49.2, 17.1
301, 2010-10-29, 60.1, 65.1, 55.1, 66.6, 73.2, 60, 53.6, 58.1, 49.1, 17.6
302, 2010-10-30, 59.9, 64.9, 54.9, 66.3, 72.9, 59.7, 53.5, 58, 49, 18.1
303, 2010-10-31, 59.7, 64.7, 54.7, 66.1, 72.6, 59.6, 53.4, 57.9, 48.9, 18.5
304, 2010-11-01, 59.5, 64.4, 54.6, 65.8, 72.2, 59.4, 53.3, 57.8, 48.8, 19
305, 2010-11-02, 59.4, 64.3, 54.5, 65.6, 72, 59.2, 53.2, 57.7, 48.7, 19.5
306, 2010-11-03, 59.2, 64.1, 54.3, 65.3, 71.6, 59, 53.1, 57.6, 48.6, 20
307, 2010-11-04, 59, 63.9, 54.1, 65, 71.2, 58.8, 53, 57.5, 48.5, 20.4
308, 2010-11-05, 58.8, 63.7, 53.9, 64.8, 71, 58.6, 52.9, 57.4, 48.4, 20.9
309, 2010-11-06, 58.7, 63.5, 53.9, 64.5, 70.6, 58.4, 52.8, 57.3, 48.3, 21.5
310, 2010-11-07, 58.5, 63.3, 53.7, 64.3, 70.3, 58.3, 52.7, 57.2, 48.2, 22
311, 2010-11-08, 58.3, 63.1, 53.5, 64, 70, 58, 52.6, 57.1, 48.1, 22.4
312, 2010-11-09, 58.1, 62.9, 53.3, 63.7, 69.6, 57.8, 52.5, 57, 48, 22.9
313, 2010-11-10, 57.9, 62.7, 53.1, 63.5, 69.4, 57.6, 52.4, 56.9, 47.9, 23.4
314, 2010-11-11, 57.8, 62.5, 53.1, 63.2, 69, 57.4, 52.3, 56.8, 47.8, 23.8
315, 2010-11-12, 57.6, 62.3, 52.9, 63, 68.8, 57.2, 52.2, 56.7, 47.7, 24.2
316, 2010-11-13, 57.4, 62.1, 52.7, 62.7, 68.4, 57, 52.1, 56.6, 47.6, 24.6
317, 2010-11-14, 57.2, 61.8, 52.6, 62.5, 68.1, 56.9, 52, 56.5, 47.5, 25
318, 2010-11-15, 57.1, 61.7, 52.5, 62.2, 67.8, 56.6, 51.9, 56.4, 47.4, 25.5
319, 2010-11-16, 56.9, 61.5, 52.3, 62, 67.5, 56.5, 51.8, 56.2, 47.4, 25.9
320, 2010-11-17, 56.7, 61.2, 52.2, 61.7, 67.2, 56.2, 51.7, 56.1, 47.3, 26.2
321, 2010-11-18, 56.5, 61, 52, 61.5, 66.9, 56.1, 51.6, 56, 47.2, 26.5
322, 2010-11-19, 56.4, 60.9, 51.9, 61.2, 66.6, 55.8, 51.5, 55.9, 47.1, 26.9
323, 2010-11-20, 56.2, 60.7, 51.7, 61, 66.3, 55.7, 51.4, 55.8, 47, 27.2
324, 2010-11-21, 56, 60.5, 51.5, 60.8, 66.1, 55.5, 51.3, 55.7, 46.9, 27.4
325, 2010-11-22, 55.9, 60.3, 51.5, 60.6, 65.8, 55.4, 51.1, 55.5, 46.7, 27.7
326, 2010-11-23, 55.7, 60.1, 51.3, 60.4, 65.6, 55.2, 51, 55.4, 46.6, 28
327, 2010-11-24, 55.5, 59.9, 51.1, 60.1, 65.2, 55, 50.9, 55.2, 46.6, 28.3
328, 2010-11-25, 55.4, 59.7, 51.1, 59.9, 64.9, 54.9, 50.8, 55.1, 46.5, 28.5
329, 2010-11-26, 55.2, 59.5, 50.9, 59.7, 64.7, 54.7, 50.7, 55, 46.4, 28.7
330, 2010-11-27, 55, 59.3, 50.7, 59.5, 64.5, 54.5, 50.5, 54.8, 46.2, 28.9
331, 2010-11-28, 54.9, 59.2, 50.6, 59.4, 64.3, 54.5, 50.4, 54.7, 46.1, 29.1
332, 2010-11-29, 54.7, 59, 50.4, 59.2, 64.1, 54.3, 50.3, 54.6, 46, 29.3
333, 2010-11-30, 54.6, 58.8, 50.4, 59, 63.8, 54.2, 50.1, 54.4, 45.8, 29.5
334, 2010-12-01, 54.4, 58.6, 50.2, 58.8, 63.6, 54, 50, 54.3, 45.7, 29.8
335, 2010-12-02, 54.3, 58.5, 50.1, 58.7, 63.5, 53.9, 49.9, 54.2, 45.6, 30
336, 2010-12-03, 54.1, 58.3, 49.9, 58.5, 63.3, 53.7, 49.7, 54, 45.4, 30.2
337, 2010-12-04, 54, 58.2, 49.8, 58.4, 63.1, 53.7, 49.6, 53.9, 45.3, 30.5
338, 2010-12-05, 53.8, 58, 49.6, 58.2, 62.9, 53.5, 49.5, 53.8, 45.2, 30.7
339, 2010-12-06, 53.7, 57.9, 49.5, 58.1, 62.8, 53.4, 49.4, 53.8, 45, 30.9
340, 2010-12-07, 53.6, 57.8, 49.4, 57.9, 62.6, 53.2, 49.2, 53.6, 44.8, 31
341, 2010-12-08, 53.5, 57.7, 49.3, 57.8, 62.5, 53.1, 49.1, 53.5, 44.7, 31.2
342, 2010-12-09, 53.3, 57.5, 49.1, 57.7, 62.4, 53, 49, 53.4, 44.6, 31.4
343, 2010-12-10, 53.2, 57.5, 48.9, 57.6, 62.4, 52.8, 48.8, 53.3, 44.3, 31.6
344, 2010-12-11, 53.1, 57.4, 48.8, 57.5, 62.3, 52.7, 48.7, 53.2, 44.2, 31.7
345, 2010-12-12, 53, 57.3, 48.7, 57.4, 62.2, 52.6, 48.6, 53.2, 44, 31.9
346, 2010-12-13, 52.9, 57.3, 48.5, 57.3, 62.1, 52.5, 48.5, 53.1, 43.9, 32
347, 2010-12-14, 52.8, 57.2, 48.4, 57.2, 62, 52.4, 48.4, 53.1, 43.7, 32.1
348, 2010-12-15, 52.7, 57.1, 48.3, 57.1, 62, 52.2, 48.2, 52.9, 43.5, 32.1
349, 2010-12-16, 52.6, 57, 48.2, 57, 61.9, 52.1, 48.1, 52.9, 43.3, 32.1
350, 2010-12-17, 52.5, 57, 48, 56.9, 61.8, 52, 48, 52.8, 43.2, 32.2
351, 2010-12-18, 52.4, 56.9, 47.9, 56.8, 61.7, 51.9, 47.9, 52.8, 43, 32.3
352, 2010-12-19, 52.3, 56.8, 47.8, 56.8, 61.7, 51.9, 47.8, 52.7, 42.9, 32.4
353, 2010-12-20, 52.2, 56.7, 47.7, 56.7, 61.7, 51.7, 47.7, 52.6, 42.8, 32.4
354, 2010-12-21, 52.2, 56.7, 47.7, 56.7, 61.7, 51.7, 47.7, 52.7, 42.7, 32.5
355, 2010-12-22, 52.1, 56.6, 47.6, 56.6, 61.6, 51.6, 47.6, 52.6, 42.6, 32.5
356, 2010-12-23, 52, 56.6, 47.4, 56.5, 61.5, 51.5, 47.5, 52.5, 42.5, 32.5
357, 2010-12-24, 52, 56.6, 47.4, 56.5, 61.5, 51.5, 47.4, 52.5, 42.3, 32.6
358, 2010-12-25, 51.9, 56.5, 47.3, 56.5, 61.6, 51.4, 47.4, 52.5, 42.3, 32.6
359, 2010-12-26, 51.9, 56.5, 47.3, 56.4, 61.5, 51.3, 47.3, 52.4, 42.2, 32.8
360, 2010-12-27, 51.8, 56.4, 47.2, 56.4, 61.5, 51.3, 47.3, 52.4, 42.2, 32.9
361, 2010-12-28, 51.8, 56.5, 47.1, 56.4, 61.5, 51.3, 47.2, 52.3, 42.1, 33
362, 2010-12-29, 51.8, 56.5, 47.1, 56.4, 61.5, 51.3, 47.2, 52.4, 42, 33
363, 2010-12-30, 51.8, 56.5, 47.1, 56.3, 61.4, 51.2, 47.2, 52.3, 42.1, 33.1
364, 2010-12-31, 51.7, 56.4, 47, 56.3, 61.4, 51.2, 47.2, 52.3, 42.1, 33.1
