day, date, avg, avgh, avgl, hi, hih, hil, lo, loh, lol, precip
0, 2010-01-01, 48.5, 53.1, 43.9, 57.3, 62.2, 52.4, 39.7, 45.9, 33.5, 31.1
1, 2010-01-02, 48.5, 53.1, 43.9, 57.3, 62.2, 52.4, 39.7, 45.9, 33.5, 31.2
2, 2010-01-03, 48.5, 53.1, 43.9, 57.3, 62.3, 52.3, 39.8, 46, 33.6, 31.3
3, 2010-01-04, 48.5, 53.1, 43.9, 57.3, 62.3, 52.3, 39.8, 46, 33.6, 31.4
4, 2010-01-05, 48.6, 53.2, 44, 57.3, 62.3, 52.3, 39.8, 46, 33.6, 31.5
5, 2010-01-06, 48.6, 53.2, 44, 57.3, 62.3, 52.3, 39.9, 46.1, 33.7, 31.5
6, 2010-01-07, 48.6, 53.2, 44, 57.4, 62.4, 52.4, 39.9, 46.1, 33.7, 31.6
7, 2010-01-08, 48.7, 53.3, 44.1, 57.4, 62.4, 52.4, 39.9, 46.1, 33.7, 31.7
8, 2010-01-09, 48.7, 53.2, 44.2, 57.4, 62.4, 52.4, 40, 46.2, 33.8, 31.8
9, 2010-01-10, 48.7, 53.2, 44.2, 57.5, 62.5, 52.5, 40, 46.2, 33.8, 31.8
10, 2010-01-11, 48.8, 53.3, 44.3, 57.5, 62.5, 52.5, 40.1, 46.3, 33.9, 31.8
11, 2010-01-12, 48.8, 53.3, 44.3, 57.6, 62.6, 52.6, 40.1, 46.2, 34, 31.9
12, 2010-01-13, 48.9, 53.4, 44.4, 57.6, 62.6, 52.6, 40.2, 46.3, 34.1, 32
13, 2010-01-14, 48.9, 53.4, 44.4, 57.7, 62.7, 52.7, 40.2, 46.3, 34.1, 32.1
14, 2010-01-15, 49, 53.4, 44.6, 57.7, 62.8, 52.6, 40.3, 46.4, 34.2, 32.2
15, 2010-01-16, 49.1, 53.5, 44.7, 57.8, 62.9, 52.7, 40.3, 46.4, 34.2, 32.3
16, 2010-01-17, 49.1, 53.5, 44.7, 57.9, 63, 52.8, 40.4, 46.5, 34.3, 32.3
17, 2010-01-18, 49.2, 53.6, 44.8, 58, 63.1, 52.9, 40.4, 46.5, 34.3, 32.4
18, 2010-01-19, 49.3, 53.7, 44.9, 58, 63.1, 52.9, 40.5, 46.6, 34.4, 32.5
19, 2010-01-20, 49.3, 53.7, 44.9, 58.1, 63.2, 53, 40.6, 46.7, 34.5, 32.6
20, 2010-01-21, 49.4, 53.8, 45, 58.2, 63.3, 53.1, 40.6, 46.7, 34.5, 32.7
21, 2010-01-22, 49.5, 53.9, 45.1, 58.3, 63.4, 53.2, 40.7, 46.8, 34.6, 32.8
22, 2010-01-23, 49.6, 54, 45.2, 58.4, 63.5, 53.3, 40.8, 46.9, 34.7, 32.9
23, 2010-01-24, 49.7, 54.1, 45.3, 58.5, 63.6, 53.4, 40.8, 46.9, 34.7, 33
24, 2010-01-25, 49.8, 54.2, 45.4, 58.6, 63.7, 53.5, 40.9, 47, 34.8, 33.1
25, 2010-01-26, 49.9, 54.3, 45.5, 58.8, 63.9, 53.7, 41, 47.1, 34.9, 33.1
26, 2010-01-27, 50, 54.4, 45.6, 58.9, 64, 53.8, 41.1, 47.2, 35, 33.1
27, 2010-01-28, 50.1, 54.5, 45.7, 59, 64.1, 53.9, 41.1, 47.2, 35, 33.2
28, 2010-01-29, 50.2, 54.6, 45.8, 59.2, 64.3, 54.1, 41.2, 47.3, 35.1, 33.2
29, 2010-01-30, 50.3, 54.7, 45.9, 59.3, 64.5, 54.1, 41.3, 47.4, 35.2, 33.3
30, 2010-01-31, 50.4, 54.8, 46, 59.4, 64.6, 54.2, 41.4, 47.5, 35.3, 33.3
31, 2010-02-01, 50.5, 54.9, 46.1, 59.6, 64.8, 54.4, 41.5, 47.6, 35.4, 33.4
32, 2010-02-02, 50.6, 55, 46.2, 59.7, 64.9, 54.5, 41.6, 47.7, 35.5, 33.5
33, 2010-02-03, 50.8, 55.2, 46.4, 59.9, 65.1, 54.7, 41.6, 47.6, 35.6, 33.6
34, 2010-02-04, 50.9, 55.3, 46.5, 60, 65.2, 54.8, 41.7, 47.7, 35.7, 33.7
35, 2010-02-05, 51, 55.4, 46.6, 60.2, 65.5, 54.9, 41.8, 47.8, 35.8, 33.9
36, 2010-02-06, 51.1, 55.5, 46.7, 60.3, 65.6, 55, 41.9, 47.9, 35.9, 34.1
37, 2010-02-07, 51.3, 55.7, 46.9, 60.5, 65.8, 55.2, 42, 48, 36, 34.3
38, 2010-02-08, 51.4, 55.8, 47, 60.7, 66.1, 55.3, 42.1, 48, 36.2, 34.5
39, 2010-02-09, 51.5, 55.9, 47.1, 60.8, 66.2, 55.4, 42.2, 48.1, 36.3, 34.7
40, 2010-02-10, 51.6, 56, 47.2, 61, 66.4, 55.6, 42.3, 48.2, 36.4, 34.8
41, 2010-02-11, 51.8, 56.2, 47.4, 61.1, 66.6, 55.6, 42.4, 48.2, 36.6, 34.9
42, 2010-02-12, 51.9, 56.3, 47.5, 61.3, 66.8, 55.8, 42.5, 48.3, 36.7, 35
43, 2010-02-13, 52, 56.4, 47.6, 61.4, 66.9, 55.9, 42.6, 48.4, 36.8, 35.1
44, 2010-02-14, 52.1, 56.4, 47.8, 61.6, 67.2, 56, 42.7, 48.4, 37, 35.2
45, 2010-02-15, 52.2, 56.5, 47.9, 61.7, 67.3, 56.1, 42.8, 48.5, 37.1, 35.2
46, 2010-02-16, 52.4, 56.7, 48.1, 61.9, 67.5, 56.3, 42.8, 48.4, 37.2, 35.3
47, 2010-02-17, 52.5, 56.8, 48.2, 62, 67.7, 56.3, 42.9, 48.5, 37.3, 35.4
48, 2010-02-18, 52.6, 56.9, 48.3, 62.2, 67.9, 56.5, 43, 48.5, 37.5, 35.4
49, 2010-02-19, 52.7, 57, 48.4, 62.3, 68.1, 56.5, 43.1, 48.6, 37.6, 35.4
50, 2010-02-20, 52.8, 57.1, 48.5, 62.5, 68.3, 56.7, 43.2, 48.7, 37.7, 35.4
51, 2010-02-21, 52.9, 57.2, 48.6, 62.6, 68.4, 56.8, 43.3, 48.7, 37.9, 35.4
52, 2010-02-22, 53.1, 57.4, 48.8, 62.7, 68.6, 56.8, 43.4, 48.8, 38, 35.4
53, 2010-02-23, 53.2, 57.5, 48.9, 62.8, 68.7, 56.9, 43.5, 48.9, 38.1, 35.4
54, 2010-02-24, 53.3, 57.6, 49, 63, 68.9, 57.1, 43.6, 48.9, 38.3, 35.3
55, 2010-02-25, 53.4, 57.7, 49.1, 63.1, 69.1, 57.1, 43.7, 49, 38.4, 35.3
56, 2010-02-26, 53.5, 57.8, 49.2, 63.2, 69.2, 57.2, 43.7, 48.9, 38.5, 35.2
57, 2010-02-27, 53.6, 57.9, 49.3, 63.3, 69.4, 57.2, 43.8, 49, 38.6, 35.2
58, 2010-02-28, 53.7, 58, 49.4, 63.4, 69.5, 57.3, 43.9, 49, 38.8, 35.2
59, 2010-03-01, 53.7, 58, 49.4, 63.5, 69.7, 57.3, 44, 49.1, 38.9, 35.1
60, 2010-03-02, 53.8, 58.2, 49.4, 63.6, 69.8, 57.4, 44, 49.1, 38.9, 35
61, 2010-03-03, 53.9, 58.3, 49.5, 63.7, 70, 57.4, 44.1, 49.1, 39.1, 34.8
62, 2010-03-04, 54, 58.4, 49.6, 63.8, 70.1, 57.5, 44.2, 49.2, 39.2, 34.5
63, 2010-03-05, 54.1, 58.5, 49.7, 63.9, 70.2, 57.6, 44.2, 49.2, 39.2, 34.2
64, 2010-03-06, 54.1, 58.5, 49.7, 64, 70.4, 57.6, 44.3, 49.2, 39.4, 33.9
65, 2010-03-07, 54.2, 58.6, 49.8, 64.1, 70.5, 57.7, 44.4, 49.3, 39.5, 33.5
66, 2010-03-08, 54.3, 58.7, 49.9, 64.2, 70.6, 57.8, 44.4, 49.3, 39.5, 33.2
67, 2010-03-09, 54.4, 58.8, 50, 64.3, 70.8, 57.8, 44.5, 49.3, 39.7, 32.8
68, 2010-03-10, 54.4, 58.8, 50, 64.3, 70.8, 57.8, 44.5, 49.3, 39.7, 32.5
69, 2010-03-11, 54.5, 58.9, 50.1, 64.4, 70.9, 57.9, 44.6, 49.4, 39.8, 32.2
70, 2010-03-12, 54.6, 59, 50.2, 64.5, 71.1, 57.9, 44.6, 49.4, 39.8, 31.8
71, 2010-03-13, 54.6, 59.1, 50.1, 64.6, 71.2, 58, 44.7, 49.5, 39.9, 31.5
72, 2010-03-14, 54.7, 59.2, 50.2, 64.7, 71.3, 58.1, 44.7, 49.4, 40, 31.1
73, 2010-03-15, 54.7, 59.2, 50.2, 64.7, 71.4, 58, 44.7, 49.4, 40, 30.7
74, 2010-03-16, 54.8, 59.3, 50.3, 64.8, 71.5, 58.1, 44.8, 49.5, 40.1, 30.4
75, 2010-03-17, 54.9, 59.4, 50.4, 64.9, 71.7, 58.1, 44.8, 49.5, 40.1, 30
76, 2010-03-18, 54.9, 59.4, 50.4, 65, 71.8, 58.2, 44.8, 49.4, 40.2, 29.6
77, 2010-03-19, 55, 59.6, 50.4, 65.1, 72, 58.2, 44.9, 49.5, 40.3, 29.1
78, 2010-03-20, 55, 59.6, 50.4, 65.2, 72.1, 58.3, 44.9, 49.5, 40.3, 28.7
79, 2010-03-21, 55.1, 59.7, 50.5, 65.3, 72.3, 58.3, 44.9, 49.4, 40.4, 28.3
80, 2010-03-22, 55.2, 59.8, 50.6, 65.4, 72.4, 58.4, 44.9, 49.4, 40.4, 27.9
81, 2010-03-23, 55.2, 59.8, 50.6, 65.5, 72.6, 58.4, 45, 49.5, 40.5, 27.4
82, 2010-03-24, 55.3, 59.9, 50.7, 65.6, 72.7, 58.5, 45, 49.4, 40.6, 27
83, 2010-03-25, 55.4, 60, 50.8, 65.7, 72.9, 58.5, 45, 49.4, 40.6, 26.5
84, 2010-03-26, 55.5, 60.2, 50.8, 65.8, 73, 58.6, 45.1, 49.5, 40.7, 26
85, 2010-03-27, 55.5, 60.2, 50.8, 66, 73.3, 58.7, 45.1, 49.5, 40.7, 25.5
86, 2010-03-28, 55.6, 60.3, 50.9, 66.1, 73.4, 58.8, 45.1, 49.4, 40.8, 25
87, 2010-03-29, 55.7, 60.4, 51, 66.2, 73.5, 58.9, 45.1, 49.4, 40.8, 24.5
88, 2010-03-30, 55.8, 60.5, 51.1, 66.4, 73.7, 59.1, 45.2, 49.5, 40.9, 24
89, 2010-03-31, 55.9, 60.6, 51.2, 66.5, 73.9, 59.1, 45.2, 49.5, 40.9, 23.6
90, 2010-04-01, 55.9, 60.6, 51.2, 66.6, 74, 59.2, 45.2, 49.5, 40.9, 23.1
91, 2010-04-02, 56, 60.7, 51.3, 66.8, 74.3, 59.3, 45.3, 49.6, 41, 22.7
92, 2010-04-03, 56.1, 60.8, 51.4, 66.9, 74.4, 59.4, 45.3, 49.6, 41, 22.3
93, 2010-04-04, 56.2, 61, 51.4, 67.1, 74.6, 59.6, 45.4, 49.6, 41.2, 21.9
94, 2010-04-05, 56.3, 61.1, 51.5, 67.2, 74.8, 59.6, 45.4, 49.6, 41.2, 21.6
95, 2010-04-06, 56.4, 61.2, 51.6, 67.4, 75, 59.8, 45.5, 49.7, 41.3, 21.3
96, 2010-04-07, 56.5, 61.3, 51.7, 67.6, 75.2, 60, 45.5, 49.7, 41.3, 20.9
97, 2010-04-08, 56.7, 61.5, 51.9, 67.7, 75.4, 60, 45.6, 49.8, 41.4, 20.6
98, 2010-04-09, 56.8, 61.7, 51.9, 67.9, 75.6, 60.2, 45.6, 49.8, 41.4, 20.3
99, 2010-04-10, 56.9, 61.8, 52, 68.1, 75.9, 60.3, 45.7, 49.9, 41.5, 19.9
100, 2010-04-11, 57, 61.9, 52.1, 68.2, 76, 60.4, 45.8, 50, 41.6, 19.6
101, 2010-04-12, 57.1, 62, 52.2, 68.4, 76.2, 60.6, 45.9, 50.1, 41.7, 19.2
102, 2010-04-13, 57.3, 62.3, 52.3, 68.6, 76.5, 60.7, 45.9, 50.1, 41.7, 18.9
103, 2010-04-14, 57.4, 62.4, 52.4, 68.8, 76.7, 60.9, 46, 50.2, 41.8, 18.6
104, 2010-04-15, 57.5, 62.5, 52.5, 68.9, 76.9, 60.9, 46.1, 50.3, 41.9, 18.2
105, 2010-04-16, 57.6, 62.6, 52.6, 69.1, 77.1, 61.1, 46.2, 50.4, 42, 17.9
106, 2010-04-17, 57.8, 62.8, 52.8, 69.3, 77.3, 61.3, 46.3, 50.5, 42.1, 17.6
107, 2010-04-18, 57.9, 62.9, 52.9, 69.4, 77.5, 61.3, 46.4, 50.6, 42.2, 17.3
108, 2010-04-19, 58.1, 63.2, 53, 69.6, 77.7, 61.5, 46.5, 50.7, 42.3, 17
109, 2010-04-20, 58.2, 63.3, 53.1, 69.8, 78, 61.6, 46.6, 50.9, 42.3, 16.7
110, 2010-04-21, 58.3, 63.4, 53.2, 69.9, 78.1, 61.7, 46.7, 51, 42.4, 16.4
111, 2010-04-22, 58.5, 63.6, 53.4, 70.1, 78.3, 61.9, 46.8, 51.1, 42.5, 16.1
112, 2010-04-23, 58.6, 63.7, 53.5, 70.3, 78.5, 62.1, 47, 51.3, 42.7, 15.8
113, 2010-04-24, 58.8, 63.9, 53.7, 70.4, 78.6, 62.2, 47.1, 51.4, 42.8, 15.6
114, 2010-04-25, 58.9, 64, 53.8, 70.6, 78.8, 62.4, 47.2, 51.5, 42.9, 15.3
115, 2010-04-26, 59, 64.2, 53.8, 70.7, 79, 62.4, 47.3, 51.6, 43, 15
116, 2010-04-27, 59.2, 64.4, 54, 70.9, 79.2, 62.6, 47.5, 51.8, 43.2, 14.7
117, 2010-04-28, 59.3, 64.5, 54.1, 71, 79.3, 62.7, 47.6, 51.9, 43.3, 14.4
118, 2010-04-29, 59.5, 64.7, 54.3, 71.2, 79.5, 62.9, 47.7, 52, 43.4, 14.2
119, 2010-04-30, 59.6, 64.8, 54.4, 71.3, 79.6, 63, 47.9, 52.2, 43.6, 13.9
120, 2010-05-01, 59.7, 64.9, 54.5, 71.5, 79.8, 63.2, 48, 52.3, 43.7, 13.7
121, 2010-05-02, 59.9, 65.1, 54.7, 71.6, 79.9, 63.3, 48.1, 52.4, 43.8, 13.4
122, 2010-05-03, 60, 65.2, 54.8, 71.8, 80.1, 63.5, 48.3, 52.6, 44, 13.1
123, 2010-05-04, 60.2, 65.4, 55, 71.9, 80.2, 63.6, 48.4, 52.7, 44.1, 12.8
124, 2010-05-05, 60.3, 65.5, 55.1, 72, 80.3, 63.7, 48.6, 52.9, 44.3, 12.5
125, 2010-05-06, 60.4, 65.6, 55.2, 72.2, 80.5, 63.9, 48.7, 53, 44.4, 12.2
126, 2010-05-07, 60.6, 65.8, 55.4, 72.3, 80.6, 64, 48.8, 53.2, 44.4, 11.9
127, 2010-05-08, 60.7, 65.9, 55.5, 72.4, 80.7, 64.1, 49, 53.4, 44.6, 11.6
128, 2010-05-09, 60.8, 66, 55.6, 72.6, 80.9, 64.3, 49.1, 53.5, 44.7, 11.3
129, 2010-05-10, 61, 66.2, 55.8, 72.7, 81, 64.4, 49.3, 53.7, 44.9, 11
130, 2010-05-11, 61.1, 66.3, 55.9, 72.8, 81.1, 64.5, 49.4, 53.8, 45, 10.7
131, 2010-05-12, 61.2, 66.4, 56, 73, 81.2, 64.8, 49.5, 53.8, 45.2, 10.4
132, 2010-05-13, 61.4, 66.6, 56.2, 73.1, 81.3, 64.9, 49.7, 54, 45.4, 10.1
133, 2010-05-14, 61.5, 66.7, 56.3, 73.2, 81.4, 65, 49.8, 54.1, 45.5, 9.9
134, 2010-05-15, 61.6, 66.8, 56.4, 73.4, 81.6, 65.2, 49.9, 54.2, 45.6, 9.6
135, 2010-05-16, 61.8, 66.9, 56.7, 73.5, 81.7, 65.3, 50.1, 54.4, 45.8, 9.3
136, 2010-05-17, 61.9, 67, 56.8, 73.6, 81.8, 65.4, 50.2, 54.5, 45.9, 9.1
137, 2010-05-18, 62.1, 67.2, 57, 73.8, 81.9, 65.7, 50.3, 54.6, 46, 8.8
138, 2010-05-19, 62.2, 67.3, 57.1, 73.9, 82, 65.8, 50.4, 54.7, 46.1, 8.5
139, 2010-05-20, 62.3, 67.4, 57.2, 74.1, 82.2, 66, 50.6, 54.9, 46.3, 8.3
140, 2010-05-21, 62.5, 67.6, 57.4, 74.3, 82.4, 66.2, 50.7, 55, 46.4, 8.1
141, 2010-05-22, 62.6, 67.7, 57.5, 74.4, 82.5, 66.3, 50.8, 55.1, 46.5, 7.8
142, 2010-05-23, 62.8, 67.9, 57.7, 74.6, 82.7, 66.5, 50.9, 55.2, 46.6, 7.6
143, 2010-05-24, 62.9, 68, 57.8, 74.7, 82.8, 66.6, 51, 55.2, 46.8, 7.4
144, 2010-05-25, 63, 68, 58, 74.9, 83, 66.8, 51.2, 55.4, 47, 7.2
145, 2010-05-26, 63.2, 68.2, 58.2, 75.1, 83.2, 67, 51.3, 55.5, 47.1, 7
146, 2010-05-27, 63.3, 68.3, 58.3, 75.3, 83.4, 67.2, 51.4, 55.6, 47.2, 6.8
147, 2010-05-28, 63.5, 68.5, 58.5, 75.5, 83.6, 67.4, 51.5, 55.6, 47.4, 6.6
148, 2010-05-29, 63.6, 68.6, 58.6, 75.7, 83.8, 67.6, 51.6, 55.7, 47.5, 6.3
149, 2010-05-30, 63.8, 68.8, 58.8, 75.9, 84, 67.8, 51.7, 55.8, 47.6, 6.1
150, 2010-05-31, 63.9, 68.9, 58.9, 76, 84.1, 67.9, 51.8, 55.9, 47.7, 5.8
151, 2010-06-01, 64.1, 69.2, 59, 76.3, 84.4, 68.2, 51.9, 56, 47.8, 5.6
152, 2010-06-02, 64.2, 69.3, 59.1, 76.5, 84.7, 68.3, 52, 56.1, 47.9, 5.4
153, 2010-06-03, 64.4, 69.5, 59.3, 76.7, 84.9, 68.5, 52.1, 56.2, 48, 5.2
154, 2010-06-04, 64.6, 69.7, 59.5, 76.9, 85.1, 68.7, 52.3, 56.4, 48.2, 5.1
155, 2010-06-05, 64.7, 69.8, 59.6, 77.1, 85.4, 68.8, 52.4, 56.5, 48.3, 4.8
156, 2010-06-06, 64.9, 70.1, 59.7, 77.3, 85.6, 69, 52.5, 56.5, 48.5, 4.6
157, 2010-06-07, 65, 70.2, 59.8, 77.5, 85.8, 69.2, 52.6, 56.6, 48.6, 4.4
158, 2010-06-08, 65.2, 70.4, 60, 77.7, 86.1, 69.3, 52.7, 56.7, 48.7, 4.2
159, 2010-06-09, 65.4, 70.6, 60.2, 78, 86.4, 69.6, 52.8, 56.8, 48.8, 4
160, 2010-06-10, 65.5, 70.7, 60.3, 78.2, 86.6, 69.8, 52.9, 56.9, 48.9, 3.8
161, 2010-06-11, 65.7, 70.9, 60.5, 78.4, 86.8, 70, 53, 57, 49, 3.6
162, 2010-06-12, 65.9, 71.2, 60.6, 78.6, 87.1, 70.1, 53.1, 57.1, 49.1, 3.4
163, 2010-06-13, 66, 71.3, 60.7, 78.8, 87.3, 70.3, 53.2, 57.2, 49.2, 3.2
164, 2010-06-14, 66.2, 71.5, 60.9, 79, 87.5, 70.5, 53.3, 57.3, 49.3, 3.1
165, 2010-06-15, 66.3, 71.6, 61, 79.2, 87.7, 70.7, 53.4, 57.4, 49.4, 2.9
166, 2010-06-16, 66.5, 71.8, 61.2, 79.4, 87.9, 70.9, 53.5, 57.5, 49.5, 2.8
167, 2010-06-17, 66.7, 72, 61.4, 79.6, 88.1, 71.1, 53.7, 57.7, 49.7, 2.6
168, 2010-06-18, 66.8, 72, 61.6, 79.8, 88.3, 71.3, 53.8, 57.7, 49.9, 2.5
169, 2010-06-19, 67, 72.2, 61.8, 80, 88.5, 71.5, 53.9, 57.8, 50, 2.3
170, 2010-06-20, 67.1, 72.3, 61.9, 80.2, 88.6, 71.8, 54, 57.9, 50.1, 2.2
171, 2010-06-21, 67.2, 72.4, 62, 80.4, 88.8, 72, 54.1, 58, 50.2, 2.1
172, 2010-06-22, 67.4, 72.6, 62.2, 80.6, 89, 72.2, 54.2, 58.1, 50.3, 2
173, 2010-06-23, 67.5, 72.6, 62.4, 80.7, 89.1, 72.3, 54.3, 58.1, 50.5, 1.8
174, 2010-06-24, 67.7, 72.8, 62.6, 80.9, 89.2, 72.6, 54.4, 58.2, 50.6, 1.7
175, 2010-06-25, 67.8, 72.9, 62.7, 81, 89.3, 72.7, 54.5, 58.3, 50.7, 1.7
176, 2010-06-26, 67.9, 72.9, 62.9, 81.2, 89.4, 73, 54.6, 58.4, 50.8, 1.6
177, 2010-06-27, 68, 73, 63, 81.3, 89.5, 73.1, 54.8, 58.6, 51, 1.5
178, 2010-06-28, 68.1, 73.1, 63.1, 81.4, 89.5, 73.3, 54.9, 58.7, 51.1, 1.5
179, 2010-06-29, 68.2, 73.1, 63.3, 81.5, 89.6, 73.4, 55, 58.7, 51.3, 1.4
180, 2010-06-30, 68.4, 73.3, 63.5, 81.6, 89.6, 73.6, 55.1, 58.8, 51.4, 1.4
181, 2010-07-01, 68.4, 73.3, 63.5, 81.7, 89.7, 73.7, 55.2, 58.9, 51.5, 1.3
182, 2010-07-02, 68.5, 73.3, 63.7, 81.8, 89.7, 73.9, 55.3, 59, 51.6, 1.2
183, 2010-07-03, 68.6, 73.4, 63.8, 81.9, 89.7, 74.1, 55.4, 59.1, 51.7, 1.1
184, 2010-07-04, 68.7, 73.4, 64, 82, 89.8, 74.2, 55.5, 59.2, 51.8, 1.1
185, 2010-07-05, 68.8, 73.5, 64.1, 82, 89.7, 74.3, 55.5, 59.2, 51.8, 1.1
186, 2010-07-06, 68.8, 73.5, 64.1, 82.1, 89.7, 74.5, 55.6, 59.3, 51.9, 1
187, 2010-07-07, 68.9, 73.5, 64.3, 82.1, 89.6, 74.6, 55.7, 59.4, 52, 1
188, 2010-07-08, 69, 73.6, 64.4, 82.1, 89.5, 74.7, 55.8, 59.4, 52.2, 1
189, 2010-07-09, 69, 73.5, 64.5, 82.2, 89.5, 74.9, 55.9, 59.5, 52.3, 0.9
190, 2010-07-10, 69.1, 73.6, 64.6, 82.2, 89.5, 74.9, 55.9, 59.5, 52.3, 0.9
191, 2010-07-11, 69.1, 73.5, 64.7, 82.2, 89.4, 75, 56, 59.6, 52.4, 0.9
192, 2010-07-12, 69.1, 73.5, 64.7, 82.2, 89.3, 75.1, 56.1, 59.7, 52.5, 0.9
193, 2010-07-13, 69.2, 73.6, 64.8, 82.2, 89.2, 75.2, 56.1, 59.7, 52.5, 0.8
194, 2010-07-14, 69.2, 73.5, 64.9, 82.2, 89.1, 75.3, 56.2, 59.8, 52.6, 0.8
195, 2010-07-15, 69.2, 73.5, 64.9, 82.2, 89.1, 75.3, 56.2, 59.8, 52.6, 0.8
196, 2010-07-16, 69.2, 73.4, 65, 82.2, 89, 75.4, 56.3, 59.9, 52.7, 0.7
197, 2010-07-17, 69.2, 73.4, 65, 82.1, 88.9, 75.3, 56.3, 59.9, 52.7, 0.7
198, 2010-07-18, 69.2, 73.4, 65, 82.1, 88.8, 75.4, 56.4, 60, 52.8, 0.7
199, 2010-07-19, 69.2, 73.4, 65, 82.1, 88.8, 75.4, 56.4, 60, 52.8, 0.7
200, 2010-07-20, 69.2, 73.4, 65, 82.1, 88.8, 75.4, 56.4, 60, 52.8, 0.7
201, 2010-07-21, 69.2, 73.3, 65.1, 82, 88.6, 75.4, 56.4, 60, 52.8, 0.7
202, 2010-07-22, 69.2, 73.3, 65.1, 82, 88.6, 75.4, 56.4, 60, 52.8, 0.7
203, 2010-07-23, 69.2, 73.3, 65.1, 82, 88.6, 75.4, 56.5, 60.1, 52.9, 0.6
204, 2010-07-24, 69.2, 73.3, 65.1, 81.9, 88.5, 75.3, 56.5, 60.1, 52.9, 0.6
205, 2010-07-25, 69.2, 73.3, 65.1, 81.9, 88.5, 75.3, 56.5, 60.1, 52.9, 0.6
206, 2010-07-26, 69.2, 73.3, 65.1, 81.9, 88.5, 75.3, 56.5, 60.1, 52.9, 0.6
207, 2010-07-27, 69.1, 73.1, 65.1, 81.8, 88.4, 75.2, 56.5, 60.1, 52.9, 0.5
208, 2010-07-28, 69.1, 73.1, 65.1, 81.8, 88.3, 75.3, 56.5, 60.1, 52.9, 0.5
209, 2010-07-29, 69.1, 73.1, 65.1, 81.8, 88.3, 75.3, 56.4, 60, 52.8, 0.5
210, 2010-07-30, 69.1, 73.1, 65.1, 81.7, 88.2, 75.2, 56.4, 60, 52.8, 0.5
211, 2010-07-31, 69, 72.9, 65.1, 81.7, 88.2, 75.2, 56.4, 59.9, 52.9, 0.5
212, 2010-08-01, 69, 72.9, 65.1, 81.7, 88.1, 75.3, 56.4, 59.9, 52.9, 0.6
213, 2010-08-02, 69, 72.8, 65.2, 81.6, 88, 75.2, 56.4, 59.9, 52.9, 0.6
214, 2010-08-03, 69, 72.8, 65.2, 81.6, 88, 75.2, 56.3, 59.8, 52.8, 0.6
215, 2010-08-04, 68.9, 72.7, 65.1, 81.6, 87.9, 75.3, 56.3, 59.8, 52.8, 0.6
216, 2010-08-05, 68.9, 72.6, 65.2, 81.6, 87.9, 75.3, 56.3, 59.7, 52.9, 0.6
217, 2010-08-06, 68.9, 72.6, 65.2, 81.5, 87.8, 75.2, 56.2, 59.6, 52.8, 0.7
218, 2010-08-07, 68.9, 72.6, 65.2, 81.5, 87.8, 75.2, 56.2, 59.6, 52.8, 0.7
219, 2010-08-08, 68.8, 72.5, 65.1, 81.5, 87.8, 75.2, 56.2, 59.6, 52.8, 0.7
220, 2010-08-09, 68.8, 72.5, 65.1, 81.5, 87.9, 75.1, 56.1, 59.4, 52.8, 0.7
221, 2010-08-10, 68.8, 72.5, 65.1, 81.5, 87.9, 75.1, 56.1, 59.4, 52.8, 0.8
222, 2010-08-11, 68.8, 72.5, 65.1, 81.5, 87.9, 75.1, 56, 59.3, 52.7, 0.8
223, 2010-08-12, 68.7, 72.4, 65, 81.5, 87.9, 75.1, 56, 59.3, 52.7, 0.8
224, 2010-08-13, 68.7, 72.4, 65, 81.4, 87.8, 75, 56, 59.3, 52.7, 0.9
225, 2010-08-14, 68.7, 72.4, 65, 81.4, 87.9, 74.9, 55.9, 59.2, 52.6, 0.9
226, 2010-08-15, 68.6, 72.3, 64.9, 81.4, 87.9, 74.9, 55.9, 59.2, 52.6, 0.9
227, 2010-08-16, 68.6, 72.3, 64.9, 81.4, 87.9, 74.9, 55.8, 59, 52.6, 1
228, 2010-08-17, 68.6, 72.3, 64.9, 81.4, 87.9, 74.9, 55.8, 59, 52.6, 1
229, 2010-08-18, 68.6, 72.3, 64.9, 81.4, 88, 74.8, 55.7, 58.9, 52.5, 1
230, 2010-08-19, 68.5, 72.3, 64.7, 81.4, 88, 74.8, 55.7, 58.9, 52.5, 1.1
231, 2010-08-20, 68.5, 72.3, 64.7, 81.4, 88, 74.8, 55.6, 58.8, 52.4, 1.2
232, 2010-08-21, 68.5, 72.3, 64.7, 81.4, 88, 74.8, 55.6, 58.8, 52.4, 1.2
233, 2010-08-22, 68.4, 72.2, 64.6, 81.3, 87.9, 74.7, 55.5, 58.7, 52.3, 1.3
234, 2010-08-23, 68.4, 72.2, 64.6, 81.3, 87.9, 74.7, 55.5, 58.7, 52.3, 1.4
235, 2010-08-24, 68.4, 72.2, 64.6, 81.3, 87.9, 74.7, 55.5, 58.7, 52.3, 1.5
236, 2010-08-25, 68.3, 72.1, 64.5, 81.3, 88, 74.6, 55.4, 58.7, 52.1, 1.6
237, 2010-08-26, 68.3, 72.2, 64.4, 81.3, 88, 74.6, 55.4, 58.7, 52.1, 1.7
238, 2010-08-27, 68.3, 72.2, 64.4, 81.2, 87.9, 74.5, 55.3, 58.6, 52, 1.8
239, 2010-08-28, 68.2, 72.1, 64.3, 81.2, 88, 74.4, 55.3, 58.6, 52, 2
240, 2010-08-29, 68.2, 72.1, 64.3, 81.2, 88, 74.4, 55.2, 58.5, 51.9, 2.1
241, 2010-08-30, 68.1, 72.1, 64.1, 81.1, 87.9, 74.3, 55.2, 58.5, 51.9, 2.2
242, 2010-08-31, 68.1, 72.1, 64.1, 81.1, 88, 74.2, 55.1, 58.4, 51.8, 2.3
243, 2010-09-01, 68, 72, 64, 81, 87.9, 74.1, 55.1, 58.4, 51.8, 2.4
244, 2010-09-02, 68, 72.1, 63.9, 81, 88, 74, 55, 58.3, 51.7, 2.5
245, 2010-09-03, 67.9, 72, 63.8, 80.9, 87.9, 73.9, 55, 58.4, 51.6, 2.6
246, 2010-09-04, 67.9, 72, 63.8, 80.9, 88, 73.8, 54.9, 58.3, 51.5, 2.8
247, 2010-09-05, 67.8, 71.9, 63.7, 80.8, 87.9, 73.7, 54.9, 58.3, 51.5, 2.9
248, 2010-09-06, 67.8, 72, 63.6, 80.7, 87.8, 73.6, 54.8, 58.2, 51.4, 3
249, 2010-09-07, 67.7, 71.9, 63.5, 80.7, 87.8, 73.6, 54.7, 58.1, 51.3, 3.1
250, 2010-09-08, 67.6, 71.8, 63.4, 80.6, 87.8, 73.4, 54.7, 58.2, 51.2, 3.3
251, 2010-09-09, 67.6, 71.8, 63.4, 80.5, 87.7, 73.3, 54.6, 58.1, 51.1, 3.4
252, 2010-09-10, 67.5, 71.7, 63.3, 80.4, 87.7, 73.1, 54.5, 58, 51, 3.5
253, 2010-09-11, 67.4, 71.6, 63.2, 80.3, 87.6, 73, 54.5, 58, 51, 3.6
254, 2010-09-12, 67.3, 71.6, 63, 80.2, 87.5, 72.9, 54.4, 57.9, 50.9, 3.7
255, 2010-09-13, 67.2, 71.5, 62.9, 80.1, 87.4, 72.8, 54.3, 57.9, 50.7, 3.9
256, 2010-09-14, 67.1, 71.4, 62.8, 80, 87.4, 72.6, 54.2, 57.8, 50.6, 4
257, 2010-09-15, 67, 71.3, 62.7, 79.9, 87.3, 72.5, 54.2, 57.8, 50.6, 4.2
258, 2010-09-16, 66.9, 71.2, 62.6, 79.8, 87.2, 72.4, 54.1, 57.7, 50.5, 4.3
259, 2010-09-17, 66.8, 71.1, 62.5, 79.7, 87.1, 72.3, 54, 57.6, 50.4, 4.4
260, 2010-09-18, 66.7, 71, 62.4, 79.6, 87.1, 72.1, 53.9, 57.5, 50.3, 4.6
261, 2010-09-19, 66.6, 70.9, 62.3, 79.4, 86.9, 71.9, 53.8, 57.4, 50.2, 4.7
262, 2010-09-20, 66.5, 70.8, 62.2, 79.3, 86.8, 71.8, 53.7, 57.4, 50, 4.8
263, 2010-09-21, 66.4, 70.7, 62.1, 79.2, 86.7, 71.7, 53.6, 57.3, 49.9, 4.8
264, 2010-09-22, 66.3, 70.6, 62, 79, 86.5, 71.5, 53.5, 57.2, 49.8, 4.9
265, 2010-09-23, 66.1, 70.4, 61.8, 78.9, 86.5, 71.3, 53.4, 57.1, 49.7, 5
266, 2010-09-24, 66, 70.4, 61.6, 78.8, 86.4, 71.2, 53.3, 57, 49.6, 5.1
267, 2010-09-25, 65.9, 70.3, 61.5, 78.6, 86.2, 71, 53.1, 56.8, 49.4, 5.2
268, 2010-09-26, 65.7, 70.1, 61.3, 78.5, 86.1, 70.9, 53, 56.8, 49.2, 5.3
269, 2010-09-27, 65.6, 70, 61.2, 78.3, 85.9, 70.7, 52.9, 56.7, 49.1, 5.3
270, 2010-09-28, 65.5, 69.9, 61.1, 78.2, 85.8, 70.6, 52.8, 56.6, 49, 5.4
271, 2010-09-29, 65.3, 69.7, 60.9, 78, 85.6, 70.4, 52.6, 56.4, 48.8, 5.6
272, 2010-09-30, 65.2, 69.6, 60.8, 77.8, 85.4, 70.2, 52.5, 56.3, 48.7, 5.7
273, 2010-10-01, 65, 69.4, 60.6, 77.7, 85.2, 70.2, 52.4, 56.3, 48.5, 5.8
274, 2010-10-02, 64.9, 69.3, 60.5, 77.5, 85, 70, 52.2, 56.1, 48.3, 6
275, 2010-10-03, 64.7, 69.1, 60.3, 77.3, 84.8, 69.8, 52.1, 56, 48.2, 6.2
276, 2010-10-04, 64.5, 68.9, 60.1, 77.1, 84.6, 69.6, 51.9, 55.8, 48, 6.3
277, 2010-10-05, 64.4, 68.8, 60, 76.9, 84.4, 69.4, 51.8, 55.8, 47.8, 6.5
278, 2010-10-06, 64.2, 68.6, 59.8, 76.7, 84.2, 69.2, 51.6, 55.6, 47.6, 6.6
279, 2010-10-07, 64, 68.4, 59.6, 76.5, 84, 69, 51.5, 55.5, 47.5, 6.8
280, 2010-10-08, 63.8, 68.2, 59.4, 76.3, 83.7, 68.9, 51.3, 55.3, 47.3, 7
281, 2010-10-09, 63.6, 68, 59.2, 76.1, 83.5, 68.7, 51.2, 55.3, 47.1, 7.2
282, 2010-10-10, 63.4, 67.8, 59, 75.9, 83.2, 68.6, 51, 55.1, 46.9, 7.3
283, 2010-10-11, 63.2, 67.6, 58.8, 75.7, 83, 68.4, 50.8, 54.9, 46.7, 7.5
284, 2010-10-12, 63, 67.4, 58.6, 75.4, 82.7, 68.1, 50.7, 54.9, 46.5, 7.7
285, 2010-10-13, 62.8, 67.2, 58.4, 75.2, 82.4, 68, 50.5, 54.7, 46.3, 8
286, 2010-10-14, 62.6, 67, 58.2, 75, 82.2, 67.8, 50.3, 54.6, 46, 8.3
287, 2010-10-15, 62.4, 66.8, 58, 74.7, 81.8, 67.6, 50.1, 54.4, 45.8, 8.6
288, 2010-10-16, 62.2, 66.6, 57.8, 74.5, 81.6, 67.4, 50, 54.3, 45.7, 8.9
289, 2010-10-17, 62, 66.4, 57.6, 74.2, 81.2, 67.2, 49.8, 54.2, 45.4, 9.2
290, 2010-10-18, 61.8, 66.1, 57.5, 73.9, 80.8, 67, 49.6, 54, 45.2, 9.6
291, 2010-10-19, 61.5, 65.8, 57.2, 73.7, 80.6, 66.8, 49.4, 53.9, 44.9, 10
292, 2010-10-20, 61.3, 65.6, 57, 73.4, 80.2, 66.6, 49.2, 53.7, 44.7, 10.5
293, 2010-10-21, 61.1, 65.4, 56.8, 73.1, 79.8, 66.4, 49.1, 53.7, 44.5, 10.9
294, 2010-10-22, 60.8, 65.1, 56.5, 72.8, 79.5, 66.1, 48.9, 53.5, 44.3, 11.4
295, 2010-10-23, 60.6, 64.9, 56.3, 72.5, 79.1, 65.9, 48.7, 53.4, 44, 11.8
296, 2010-10-24, 60.3, 64.6, 56, 72.2, 78.8, 65.6, 48.5, 53.2, 43.8, 12.3
297, 2010-10-25, 60.1, 64.4, 55.8, 71.9, 78.4, 65.4, 48.3, 53.1, 43.5, 12.8
298, 2010-10-26, 59.8, 64.1, 55.5, 71.5, 77.9, 65.1, 48.1, 52.9, 43.3, 13.4
299, 2010-10-27, 59.6, 63.9, 55.3, 71.2, 77.6, 64.8, 48, 52.9, 43.1, 13.9
300, 2010-10-28, 59.3, 63.6, 55, 70.9, 77.2, 64.6, 47.8, 52.7, 42.9, 14.4
301, 2010-10-29, 59.1, 63.4, 54.8, 70.5, 76.8, 64.2, 47.6, 52.6, 42.6, 14.9
302, 2010-10-30, 58.8, 63.1, 54.5, 70.2, 76.4, 64, 47.4, 52.4, 42.4, 15.4
303, 2010-10-31, 58.5, 62.8, 54.2, 69.8, 76, 63.6, 47.2, 52.3, 42.1, 15.8
304, 2010-11-01, 58.3, 62.6, 54, 69.5, 75.6, 63.4, 47, 52.1, 41.9, 16.3
305, 2010-11-02, 58, 62.3, 53.7, 69.1, 75.1, 63.1, 46.8, 52, 41.6, 16.8
306, 2010-11-03, 57.7, 62, 53.4, 68.8, 74.8, 62.8, 46.6, 51.9, 41.3, 17.3
307, 2010-11-04, 57.4, 61.7, 53.1, 68.4, 74.3, 62.5, 46.4, 51.7, 41.1, 17.9
308, 2010-11-05, 57.2, 61.5, 52.9, 68.1, 74, 62.2, 46.2, 51.6, 40.8, 18.5
309, 2010-11-06, 56.9, 61.2, 52.6, 67.7, 73.5, 61.9, 46, 51.4, 40.6, 19
310, 2010-11-07, 56.6, 60.9, 52.3, 67.3, 73, 61.6, 45.9, 51.3, 40.5, 19.7
311, 2010-11-08, 56.3, 60.6, 52, 67, 72.7, 61.3, 45.7, 51.2, 40.2, 20.3
312, 2010-11-09, 56, 60.3, 51.7, 66.6, 72.2, 61, 45.5, 51, 40, 20.9
313, 2010-11-10, 55.8, 60.1, 51.5, 66.3, 71.9, 60.7, 45.3, 50.8, 39.8, 21.5
314, 2010-11-11, 55.5, 59.8, 51.2, 65.9, 71.4, 60.4, 45.1, 50.6, 39.6, 22.1
315, 2010-11-12, 55.2, 59.5, 50.9, 65.5, 70.9, 60.1, 44.9, 50.5, 39.3, 22.6
316, 2010-11-13, 54.9, 59.2, 50.6, 65.2, 70.6, 59.8, 44.7, 50.3, 39.1, 23.1
317, 2010-11-14, 54.7, 59, 50.4, 64.8, 70.1, 59.5, 44.5, 50.1, 38.9, 23.6
318, 2010-11-15, 54.4, 58.7, 50.1, 64.5, 69.7, 59.3, 44.3, 49.9, 38.7, 24.1
319, 2010-11-16, 54.1, 58.4, 49.8, 64.1, 69.2, 59, 44.2, 49.9, 38.5, 24.6
320, 2010-11-17, 53.9, 58.2, 49.6, 63.8, 68.9, 58.7, 44, 49.7, 38.3, 25
321, 2010-11-18, 53.6, 57.9, 49.3, 63.5, 68.5, 58.5, 43.8, 49.5, 38.1, 25.4
322, 2010-11-19, 53.4, 57.7, 49.1, 63.2, 68.2, 58.2, 43.6, 49.4, 37.8, 25.8
323, 2010-11-20, 53.1, 57.4, 48.8, 62.8, 67.7, 57.9, 43.4, 49.2, 37.6, 26.2
324, 2010-11-21, 52.9, 57.2, 48.6, 62.5, 67.4, 57.6, 43.3, 49.1, 37.5, 26.5
325, 2010-11-22, 52.7, 57, 48.4, 62.2, 67, 57.4, 43.1, 49, 37.2, 26.9
326, 2010-11-23, 52.4, 56.7, 48.1, 61.9, 66.7, 57.1, 42.9, 48.8, 37, 27.2
327, 2010-11-24, 52.2, 56.5, 47.9, 61.7, 66.4, 57, 42.7, 48.6, 36.8, 27.5
328, 2010-11-25, 52, 56.3, 47.7, 61.4, 66.1, 56.7, 42.6, 48.6, 36.6, 27.7
329, 2010-11-26, 51.8, 56.1, 47.5, 61.1, 65.7, 56.5, 42.4, 48.4, 36.4, 28
330, 2010-11-27, 51.6, 55.9, 47.3, 60.9, 65.5, 56.3, 42.2, 48.2, 36.2, 28.2
331, 2010-11-28, 51.4, 55.7, 47.1, 60.6, 65.2, 56, 42.1, 48.1, 36.1, 28.4
332, 2010-11-29, 51.2, 55.5, 46.9, 60.4, 64.9, 55.9, 41.9, 48, 35.8, 28.6
333, 2010-11-30, 51, 55.3, 46.7, 60.1, 64.6, 55.6, 41.8, 47.9, 35.7, 28.8
334, 2010-12-01, 50.8, 55.1, 46.5, 59.9, 64.4, 55.4, 41.6, 47.7, 35.5, 29
335, 2010-12-02, 50.6, 54.9, 46.3, 59.7, 64.2, 55.2, 41.5, 47.6, 35.4, 29.1
336, 2010-12-03, 50.5, 54.8, 46.2, 59.5, 64, 55, 41.4, 47.5, 35.3, 29.3
337, 2010-12-04, 50.3, 54.6, 46, 59.3, 63.7, 54.9, 41.2, 47.3, 35.1, 29.4
338, 2010-12-05, 50.1, 54.4, 45.8, 59.2, 63.6, 54.8, 41.1, 47.2, 35, 29.6
339, 2010-12-06, 50, 54.3, 45.7, 59, 63.4, 54.6, 41, 47.1, 34.9, 29.6
340, 2010-12-07, 49.9, 54.2, 45.6, 58.8, 63.2, 54.4, 40.9, 47, 34.8, 29.7
341, 2010-12-08, 49.7, 54, 45.4, 58.7, 63.1, 54.3, 40.8, 46.9, 34.7, 29.7
342, 2010-12-09, 49.6, 53.9, 45.3, 58.6, 63, 54.2, 40.7, 46.9, 34.5, 29.7
343, 2010-12-10, 49.5, 53.8, 45.2, 58.4, 62.9, 53.9, 40.6, 46.8, 34.4, 29.8
344, 2010-12-11, 49.4, 53.8, 45, 58.3, 62.8, 53.8, 40.5, 46.7, 34.3, 29.8
345, 2010-12-12, 49.3, 53.7, 44.9, 58.2, 62.7, 53.7, 40.4, 46.6, 34.2, 29.7
346, 2010-12-13, 49.2, 53.6, 44.8, 58.1, 62.6, 53.6, 40.3, 46.5, 34.1, 29.8
347, 2010-12-14, 49.1, 53.5, 44.7, 58, 62.5, 53.5, 40.2, 46.5, 33.9, 29.8
348, 2010-12-15, 49, 53.5, 44.5, 57.9, 62.4, 53.4, 40.1, 46.4, 33.8, 29.8
349, 2010-12-16, 49, 53.5, 44.5, 57.8, 62.4, 53.2, 40.1, 46.4, 33.8, 29.8
350, 2010-12-17, 48.9, 53.4, 44.4, 57.7, 62.3, 53.1, 40, 46.3, 33.7, 29.9
351, 2010-12-18, 48.8, 53.3, 44.3, 57.7, 62.3, 53.1, 40, 46.3, 33.7, 29.9
352, 2010-12-19, 48.8, 53.3, 44.3, 57.6, 62.2, 53, 39.9, 46.2, 33.6, 29.9
353, 2010-12-20, 48.7, 53.2, 44.2, 57.6, 62.2, 53, 39.9, 46.2, 33.6, 30
354, 2010-12-21, 48.7, 53.2, 44.2, 57.5, 62.2, 52.8, 39.8, 46.1, 33.5, 30.1
355, 2010-12-22, 48.6, 53.1, 44.1, 57.5, 62.2, 52.8, 39.8, 46.1, 33.5, 30.1
356, 2010-12-23, 48.6, 53.1, 44.1, 57.4, 62.1, 52.7, 39.8, 46.1, 33.5, 30.1
357, 2010-12-24, 48.6, 53.1, 44.1, 57.4, 62.1, 52.7, 39.7, 46, 33.4, 30.2
358, 2010-12-25, 48.5, 53, 44, 57.4, 62.2, 52.6, 39.7, 46, 33.4, 30.2
359, 2010-12-26, 48.5, 53, 44, 57.3, 62.1, 52.5, 39.7, 45.9, 33.5, 30.4
360, 2010-12-27, 48.5, 53, 44, 57.3, 62.1, 52.5, 39.7, 45.9, 33.5, 30.5
361, 2010-12-28, 48.5, 53.1, 43.9, 57.3, 62.1, 52.5, 39.7, 45.9, 33.5, 30.7
362, 2010-12-29, 48.5, 53.1, 43.9, 57.3, 62.2, 52.4, 39.7, 45.9, 33.5, 30.8
363, 2010-12-30, 48.5, 53.1, 43.9, 57.3, 62.2, 52.4, 39.7, 45.9, 33.5, 31
364, 2010-12-31, 48.5, 53, 44, 57.3, 62.2, 52.4, 39.7, 45.9, 33.5, 31.1
