day, date, avg, avgh, avgl, hi, hih, hil, lo, loh, lol, precip
0, 2010-01-01, 49.6, 53.9, 45.3, 56.6, 61.4, 51.8, 42.6, 47.8, 37.4, 31.9
1, 2010-01-02, 49.6, 53.9, 45.3, 56.6, 61.4, 51.8, 42.6, 47.8, 37.4, 31.9
2, 2010-01-03, 49.6, 53.9, 45.3, 56.6, 61.4, 51.8, 42.6, 47.8, 37.4, 32
3, 2010-01-04, 49.6, 53.9, 45.3, 56.6, 61.4, 51.8, 42.6, 47.8, 37.4, 32.1
4, 2010-01-05, 49.6, 53.8, 45.4, 56.6, 61.4, 51.8, 42.6, 47.8, 37.4, 32.1
5, 2010-01-06, 49.6, 53.8, 45.4, 56.7, 61.5, 51.9, 42.6, 47.8, 37.4, 32.1
6, 2010-01-07, 49.6, 53.8, 45.4, 56.7, 61.5, 51.9, 42.6, 47.8, 37.4, 32.2
7, 2010-01-08, 49.7, 53.9, 45.5, 56.7, 61.5, 51.9, 42.6, 47.8, 37.4, 32.2
8, 2010-01-09, 49.7, 53.9, 45.5, 56.8, 61.6, 52, 42.6, 47.7, 37.5, 32.2
9, 2010-01-10, 49.7, 53.9, 45.5, 56.8, 61.6, 52, 42.6, 47.7, 37.5, 32.3
10, 2010-01-11, 49.8, 53.9, 45.7, 56.9, 61.7, 52.1, 42.6, 47.7, 37.5, 32.3
11, 2010-01-12, 49.8, 53.9, 45.7, 56.9, 61.7, 52.1, 42.7, 47.8, 37.6, 32.3
12, 2010-01-13, 49.8, 53.9, 45.7, 57, 61.7, 52.3, 42.7, 47.8, 37.6, 32.4
13, 2010-01-14, 49.9, 54, 45.8, 57.1, 61.9, 52.3, 42.7, 47.8, 37.6, 32.4
14, 2010-01-15, 50, 54.1, 45.9, 57.1, 61.9, 52.3, 42.8, 47.9, 37.7, 32.5
15, 2010-01-16, 50, 54.1, 45.9, 57.2, 62, 52.4, 42.8, 47.9, 37.7, 32.6
16, 2010-01-17, 50.1, 54.2, 46, 57.3, 62.1, 52.5, 42.9, 48, 37.8, 32.7
17, 2010-01-18, 50.2, 54.3, 46.1, 57.4, 62.2, 52.6, 42.9, 48, 37.8, 32.8
18, 2010-01-19, 50.2, 54.3, 46.1, 57.5, 62.3, 52.7, 43, 48.1, 37.9, 32.9
19, 2010-01-20, 50.3, 54.4, 46.2, 57.6, 62.4, 52.8, 43.1, 48.2, 38, 33.1
20, 2010-01-21, 50.4, 54.5, 46.3, 57.7, 62.5, 52.9, 43.1, 48.2, 38, 33.3
21, 2010-01-22, 50.5, 54.6, 46.4, 57.8, 62.6, 53, 43.2, 48.3, 38.1, 33.4
22, 2010-01-23, 50.6, 54.7, 46.5, 57.9, 62.7, 53.1, 43.3, 48.4, 38.2, 33.5
23, 2010-01-24, 50.7, 54.8, 46.6, 58, 62.9, 53.1, 43.3, 48.4, 38.2, 33.6
24, 2010-01-25, 50.8, 54.9, 46.7, 58.1, 63, 53.2, 43.4, 48.5, 38.3, 33.6
25, 2010-01-26, 50.9, 55, 46.8, 58.2, 63.1, 53.3, 43.5, 48.6, 38.4, 33.7
26, 2010-01-27, 51, 55.1, 46.9, 58.4, 63.3, 53.5, 43.6, 48.7, 38.5, 33.7
27, 2010-01-28, 51.1, 55.2, 47, 58.5, 63.5, 53.5, 43.7, 48.8, 38.6, 33.7
28, 2010-01-29, 51.2, 55.3, 47.1, 58.6, 63.6, 53.6, 43.8, 48.9, 38.7, 33.7
29, 2010-01-30, 51.3, 55.4, 47.2, 58.8, 63.8, 53.8, 43.9, 49, 38.8, 33.7
30, 2010-01-31, 51.5, 55.7, 47.3, 58.9, 64, 53.8, 44, 49.1, 38.9, 33.8
31, 2010-02-01, 51.6, 55.8, 47.4, 59, 64.1, 53.9, 44.1, 49.1, 39.1, 33.8
32, 2010-02-02, 51.7, 55.9, 47.5, 59.2, 64.3, 54.1, 44.2, 49.2, 39.2, 33.9
33, 2010-02-03, 51.8, 56, 47.6, 59.3, 64.4, 54.2, 44.3, 49.3, 39.3, 34.1
34, 2010-02-04, 51.9, 56.1, 47.7, 59.5, 64.7, 54.3, 44.4, 49.4, 39.4, 34.2
35, 2010-02-05, 52.1, 56.3, 47.9, 59.6, 64.8, 54.4, 44.5, 49.5, 39.5, 34.3
36, 2010-02-06, 52.2, 56.4, 48, 59.8, 65.1, 54.5, 44.6, 49.6, 39.6, 34.5
37, 2010-02-07, 52.3, 56.5, 48.1, 59.9, 65.2, 54.6, 44.7, 49.7, 39.7, 34.6
38, 2010-02-08, 52.4, 56.6, 48.2, 60, 65.4, 54.6, 44.9, 49.8, 40, 34.7
39, 2010-02-09, 52.6, 56.8, 48.4, 60.2, 65.6, 54.8, 45, 49.9, 40.1, 34.8
40, 2010-02-10, 52.7, 56.9, 48.5, 60.3, 65.7, 54.9, 45.1, 50, 40.2, 35
41, 2010-02-11, 52.8, 57, 48.6, 60.5, 66, 55, 45.2, 50.1, 40.3, 35.1
42, 2010-02-12, 53, 57.2, 48.8, 60.6, 66.1, 55.1, 45.3, 50.2, 40.4, 35.2
43, 2010-02-13, 53.1, 57.3, 48.9, 60.8, 66.3, 55.3, 45.4, 50.2, 40.6, 35.2
44, 2010-02-14, 53.2, 57.4, 49, 60.9, 66.5, 55.3, 45.5, 50.3, 40.7, 35.2
45, 2010-02-15, 53.3, 57.5, 49.1, 61, 66.6, 55.4, 45.6, 50.4, 40.8, 35.2
46, 2010-02-16, 53.4, 57.6, 49.2, 61.2, 66.8, 55.6, 45.7, 50.4, 41, 35.3
47, 2010-02-17, 53.5, 57.7, 49.3, 61.3, 67, 55.6, 45.8, 50.5, 41.1, 35.3
48, 2010-02-18, 53.7, 57.9, 49.5, 61.4, 67.1, 55.7, 45.9, 50.6, 41.2, 35.3
49, 2010-02-19, 53.8, 58, 49.6, 61.6, 67.3, 55.9, 46, 50.7, 41.3, 35.2
50, 2010-02-20, 53.9, 58.1, 49.7, 61.7, 67.4, 56, 46.1, 50.7, 41.5, 35.1
51, 2010-02-21, 54, 58.2, 49.8, 61.8, 67.6, 56, 46.2, 50.8, 41.6, 35
52, 2010-02-22, 54.1, 58.3, 49.9, 61.9, 67.7, 56.1, 46.3, 50.9, 41.7, 34.9
53, 2010-02-23, 54.2, 58.4, 50, 62, 67.8, 56.2, 46.4, 51, 41.8, 34.8
54, 2010-02-24, 54.3, 58.5, 50.1, 62.1, 67.9, 56.3, 46.4, 50.9, 41.9, 34.7
55, 2010-02-25, 54.4, 58.6, 50.2, 62.2, 68, 56.4, 46.5, 51, 42, 34.7
56, 2010-02-26, 54.5, 58.7, 50.3, 62.4, 68.3, 56.5, 46.6, 51.1, 42.1, 34.6
57, 2010-02-27, 54.6, 58.8, 50.4, 62.5, 68.4, 56.6, 46.7, 51.2, 42.2, 34.5
58, 2010-02-28, 54.6, 58.8, 50.4, 62.6, 68.5, 56.7, 46.7, 51.1, 42.3, 34.5
59, 2010-03-01, 54.7, 58.9, 50.5, 62.7, 68.6, 56.8, 46.8, 51.2, 42.4, 34.2
60, 2010-03-02, 54.8, 59.1, 50.5, 62.7, 68.7, 56.7, 46.9, 51.3, 42.5, 34
61, 2010-03-03, 54.9, 59.2, 50.6, 62.8, 68.8, 56.8, 46.9, 51.3, 42.5, 33.8
62, 2010-03-04, 55, 59.3, 50.7, 62.9, 68.9, 56.9, 47, 51.4, 42.6, 33.5
63, 2010-03-05, 55, 59.3, 50.7, 63, 69, 57, 47, 51.4, 42.6, 33.2
64, 2010-03-06, 55.1, 59.4, 50.8, 63.1, 69.1, 57.1, 47.1, 51.5, 42.7, 32.9
65, 2010-03-07, 55.2, 59.5, 50.9, 63.2, 69.2, 57.2, 47.1, 51.4, 42.8, 32.6
66, 2010-03-08, 55.2, 59.5, 50.9, 63.3, 69.3, 57.3, 47.2, 51.5, 42.9, 32.2
67, 2010-03-09, 55.3, 59.6, 51, 63.3, 69.3, 57.3, 47.2, 51.5, 42.9, 31.9
68, 2010-03-10, 55.4, 59.7, 51.1, 63.4, 69.4, 57.4, 47.3, 51.6, 43, 31.6
69, 2010-03-11, 55.4, 59.7, 51.1, 63.5, 69.6, 57.4, 47.3, 51.6, 43, 31.2
70, 2010-03-12, 55.5, 59.8, 51.2, 63.6, 69.7, 57.5, 47.4, 51.7, 43.1, 30.8
71, 2010-03-13, 55.5, 59.8, 51.2, 63.7, 69.8, 57.6, 47.4, 51.7, 43.1, 30.4
72, 2010-03-14, 55.6, 59.9, 51.3, 63.7, 69.8, 57.6, 47.4, 51.7, 43.1, 30
73, 2010-03-15, 55.7, 60, 51.4, 63.8, 69.9, 57.7, 47.5, 51.8, 43.2, 29.6
74, 2010-03-16, 55.7, 60, 51.4, 63.9, 70, 57.8, 47.5, 51.8, 43.2, 29.2
75, 2010-03-17, 55.8, 60.2, 51.4, 64, 70.2, 57.8, 47.6, 51.9, 43.3, 28.7
76, 2010-03-18, 55.8, 60.2, 51.4, 64.1, 70.3, 57.9, 47.6, 51.9, 43.3, 28.3
77, 2010-03-19, 55.9, 60.3, 51.5, 64.1, 70.3, 57.9, 47.6, 51.9, 43.3, 27.8
78, 2010-03-20, 55.9, 60.3, 51.5, 64.2, 70.4, 58, 47.7, 51.9, 43.5, 27.4
79, 2010-03-21, 56, 60.4, 51.6, 64.3, 70.6, 58, 47.7, 51.9, 43.5, 26.9
80, 2010-03-22, 56.1, 60.5, 51.7, 64.4, 70.7, 58.1, 47.7, 51.9, 43.5, 26.5
81, 2010-03-23, 56.1, 60.5, 51.7, 64.5, 70.8, 58.2, 47.8, 52, 43.6, 26.1
82, 2010-03-24, 56.2, 60.6, 51.8, 64.5, 70.9, 58.1, 47.8, 52, 43.6, 25.7
83, 2010-03-25, 56.2, 60.6, 51.8, 64.6, 71, 58.2, 47.9, 52, 43.8, 25.2
84, 2010-03-26, 56.3, 60.7, 51.9, 64.7, 71.1, 58.3, 47.9, 52, 43.8, 24.7
85, 2010-03-27, 56.4, 60.8, 52, 64.8, 71.2, 58.4, 47.9, 52, 43.8, 24.3
86, 2010-03-28, 56.4, 60.8, 52, 64.9, 71.4, 58.4, 48, 52.1, 43.9, 23.8
87, 2010-03-29, 56.5, 60.9, 52.1, 65, 71.5, 58.5, 48, 52, 44, 23.4
88, 2010-03-30, 56.6, 61, 52.2, 65.1, 71.6, 58.6, 48.1, 52.1, 44.1, 22.9
89, 2010-03-31, 56.6, 61, 52.2, 65.1, 71.6, 58.6, 48.1, 52.1, 44.1, 22.5
90, 2010-04-01, 56.7, 61.1, 52.3, 65.2, 71.7, 58.7, 48.2, 52.1, 44.3, 22.1
91, 2010-04-02, 56.8, 61.2, 52.4, 65.3, 71.8, 58.8, 48.2, 52.1, 44.3, 21.8
92, 2010-04-03, 56.9, 61.3, 52.5, 65.4, 72, 58.8, 48.3, 52.2, 44.4, 21.4
93, 2010-04-04, 56.9, 61.3, 52.5, 65.5, 72.1, 58.9, 48.3, 52.1, 44.5, 21
94, 2010-04-05, 57, 61.4, 52.6, 65.6, 72.2, 59, 48.4, 52.2, 44.6, 20.7
95, 2010-04-06, 57.1, 61.5, 52.7, 65.7, 72.3, 59.1, 48.5, 52.3, 44.7, 20.3
96, 2010-04-07, 57.2, 61.6, 52.8, 65.8, 72.5, 59.1, 48.5, 52.3, 44.7, 20
97, 2010-04-08, 57.2, 61.6, 52.8, 65.9, 72.6, 59.2, 48.6, 52.4, 44.8, 19.7
98, 2010-04-09, 57.3, 61.7, 52.9, 66, 72.7, 59.3, 48.6, 52.3, 44.9, 19.4
99, 2010-04-10, 57.4, 61.8, 53, 66.1, 72.9, 59.3, 48.7, 52.4, 45, 19.1
100, 2010-04-11, 57.5, 61.9, 53.1, 66.2, 73, 59.4, 48.8, 52.5, 45.1, 18.8
101, 2010-04-12, 57.6, 62.1, 53.1, 66.2, 73, 59.4, 48.9, 52.6, 45.2, 18.5
102, 2010-04-13, 57.6, 62.1, 53.1, 66.3, 73.1, 59.5, 48.9, 52.6, 45.2, 18.3
103, 2010-04-14, 57.7, 62.2, 53.2, 66.4, 73.3, 59.5, 49, 52.7, 45.3, 18
104, 2010-04-15, 57.8, 62.3, 53.3, 66.5, 73.4, 59.6, 49.1, 52.7, 45.5, 17.7
105, 2010-04-16, 57.9, 62.4, 53.4, 66.6, 73.5, 59.7, 49.2, 52.8, 45.6, 17.5
106, 2010-04-17, 58, 62.5, 53.5, 66.7, 73.6, 59.8, 49.3, 52.9, 45.7, 17.3
107, 2010-04-18, 58, 62.5, 53.5, 66.8, 73.7, 59.9, 49.3, 52.9, 45.7, 17
108, 2010-04-19, 58.1, 62.6, 53.6, 66.8, 73.7, 59.9, 49.4, 53, 45.8, 16.7
109, 2010-04-20, 58.2, 62.7, 53.7, 66.9, 73.9, 59.9, 49.5, 53.1, 45.9, 16.4
110, 2010-04-21, 58.3, 62.9, 53.7, 67, 74, 60, 49.6, 53.2, 46, 16.1
111, 2010-04-22, 58.4, 62.9, 53.9, 67.1, 74, 60.2, 49.7, 53.3, 46.1, 15.9
112, 2010-04-23, 58.5, 63, 54, 67.1, 74, 60.2, 49.8, 53.4, 46.2, 15.6
113, 2010-04-24, 58.5, 63, 54, 67.2, 74.1, 60.3, 49.9, 53.5, 46.3, 15.4
114, 2010-04-25, 58.6, 63.1, 54.1, 67.3, 74.2, 60.4, 50, 53.6, 46.4, 15.1
115, 2010-04-26, 58.7, 63.2, 54.2, 67.3, 74.2, 60.4, 50.1, 53.7, 46.5, 14.8
116, 2010-04-27, 58.8, 63.3, 54.3, 67.4, 74.3, 60.5, 50.2, 53.8, 46.6, 14.5
117, 2010-04-28, 58.9, 63.4, 54.4, 67.5, 74.4, 60.6, 50.3, 53.9, 46.7, 14.2
118, 2010-04-29, 59, 63.5, 54.5, 67.5, 74.4, 60.6, 50.4, 54, 46.8, 14
119, 2010-04-30, 59, 63.5, 54.5, 67.6, 74.5, 60.7, 50.5, 54.1, 46.9, 13.7
120, 2010-05-01, 59.1, 63.6, 54.6, 67.7, 74.6, 60.8, 50.6, 54.1, 47.1, 13.4
121, 2010-05-02, 59.2, 63.7, 54.7, 67.7, 74.6, 60.8, 50.7, 54.2, 47.2, 13.2
122, 2010-05-03, 59.3, 63.8, 54.8, 67.8, 74.7, 60.9, 50.8, 54.3, 47.3, 12.9
123, 2010-05-04, 59.4, 63.9, 54.9, 67.9, 74.7, 61.1, 50.9, 54.4, 47.4, 12.7
124, 2010-05-05, 59.4, 63.8, 55, 67.9, 74.7, 61.1, 51, 54.5, 47.5, 12.4
125, 2010-05-06, 59.5, 63.9, 55.1, 68, 74.8, 61.2, 51.1, 54.6, 47.6, 12.1
126, 2010-05-07, 59.6, 64, 55.2, 68, 74.8, 61.2, 51.2, 54.7, 47.7, 11.8
127, 2010-05-08, 59.7, 64.1, 55.3, 68.1, 74.9, 61.3, 51.3, 54.8, 47.8, 11.5
128, 2010-05-09, 59.8, 64.2, 55.4, 68.2, 75, 61.4, 51.4, 54.8, 48, 11.2
129, 2010-05-10, 59.9, 64.3, 55.5, 68.2, 75, 61.4, 51.5, 54.9, 48.1, 11
130, 2010-05-11, 60, 64.3, 55.7, 68.3, 75, 61.6, 51.6, 55, 48.2, 10.7
131, 2010-05-12, 60, 64.3, 55.7, 68.4, 75.1, 61.7, 51.7, 55.1, 48.3, 10.4
132, 2010-05-13, 60.1, 64.4, 55.8, 68.5, 75.2, 61.8, 51.8, 55.1, 48.5, 10.2
133, 2010-05-14, 60.2, 64.5, 55.9, 68.5, 75.2, 61.8, 51.9, 55.2, 48.6, 9.9
134, 2010-05-15, 60.3, 64.6, 56, 68.6, 75.3, 61.9, 52, 55.3, 48.7, 9.7
135, 2010-05-16, 60.4, 64.6, 56.2, 68.7, 75.3, 62.1, 52.1, 55.3, 48.9, 9.4
136, 2010-05-17, 60.5, 64.7, 56.3, 68.8, 75.4, 62.2, 52.2, 55.4, 49, 9.2
137, 2010-05-18, 60.6, 64.8, 56.4, 68.9, 75.5, 62.3, 52.3, 55.5, 49.1, 9
138, 2010-05-19, 60.7, 64.9, 56.5, 69, 75.6, 62.4, 52.4, 55.5, 49.3, 8.7
139, 2010-05-20, 60.8, 64.9, 56.7, 69.1, 75.7, 62.5, 52.5, 55.6, 49.4, 8.5
140, 2010-05-21, 60.9, 65, 56.8, 69.2, 75.8, 62.6, 52.6, 55.7, 49.5, 8.3
141, 2010-05-22, 61, 65.1, 56.9, 69.3, 75.9, 62.7, 52.7, 55.8, 49.6, 8.1
142, 2010-05-23, 61.1, 65.2, 57, 69.4, 76, 62.8, 52.8, 55.8, 49.8, 7.8
143, 2010-05-24, 61.2, 65.3, 57.1, 69.5, 76.1, 62.9, 52.9, 55.9, 49.9, 7.6
144, 2010-05-25, 61.3, 65.4, 57.2, 69.6, 76.2, 63, 53, 56, 50, 7.4
145, 2010-05-26, 61.4, 65.5, 57.3, 69.7, 76.3, 63.1, 53.1, 56.1, 50.1, 7.2
146, 2010-05-27, 61.5, 65.6, 57.4, 69.8, 76.4, 63.2, 53.2, 56.1, 50.3, 7
147, 2010-05-28, 61.6, 65.7, 57.5, 69.9, 76.5, 63.3, 53.3, 56.2, 50.4, 6.7
148, 2010-05-29, 61.7, 65.9, 57.5, 70, 76.6, 63.4, 53.4, 56.3, 50.5, 6.5
149, 2010-05-30, 61.8, 66, 57.6, 70.1, 76.7, 63.5, 53.5, 56.4, 50.6, 6.2
150, 2010-05-31, 61.9, 66.1, 57.7, 70.2, 76.9, 63.5, 53.6, 56.5, 50.7, 6
151, 2010-06-01, 62, 66.2, 57.8, 70.4, 77.1, 63.7, 53.7, 56.5, 50.9, 5.8
152, 2010-06-02, 62.1, 66.3, 57.9, 70.5, 77.2, 63.8, 53.8, 56.6, 51, 5.6
153, 2010-06-03, 62.2, 66.5, 57.9, 70.6, 77.4, 63.8, 53.9, 56.7, 51.1, 5.4
154, 2010-06-04, 62.3, 66.6, 58, 70.7, 77.5, 63.9, 54, 56.8, 51.2, 5.2
155, 2010-06-05, 62.4, 66.7, 58.1, 70.8, 77.6, 64, 54, 56.8, 51.2, 5
156, 2010-06-06, 62.5, 66.8, 58.2, 70.9, 77.7, 64.1, 54.1, 56.9, 51.3, 4.8
157, 2010-06-07, 62.6, 66.9, 58.3, 71, 77.9, 64.1, 54.2, 57, 51.4, 4.6
158, 2010-06-08, 62.7, 67, 58.4, 71.1, 78, 64.2, 54.3, 57.1, 51.5, 4.4
159, 2010-06-09, 62.8, 67.1, 58.5, 71.2, 78.1, 64.3, 54.4, 57.1, 51.7, 4.2
160, 2010-06-10, 62.9, 67.2, 58.6, 71.3, 78.2, 64.4, 54.4, 57.1, 51.7, 4
161, 2010-06-11, 63, 67.3, 58.7, 71.4, 78.3, 64.5, 54.5, 57.2, 51.8, 3.8
162, 2010-06-12, 63, 67.3, 58.7, 71.5, 78.4, 64.6, 54.6, 57.3, 51.9, 3.6
163, 2010-06-13, 63.1, 67.4, 58.8, 71.6, 78.5, 64.7, 54.6, 57.3, 51.9, 3.5
164, 2010-06-14, 63.2, 67.5, 58.9, 71.6, 78.5, 64.7, 54.7, 57.4, 52, 3.3
165, 2010-06-15, 63.2, 67.5, 58.9, 71.7, 78.6, 64.8, 54.8, 57.5, 52.1, 3.1
166, 2010-06-16, 63.3, 67.6, 59, 71.8, 78.7, 64.9, 54.8, 57.5, 52.1, 3
167, 2010-06-17, 63.4, 67.7, 59.1, 71.8, 78.7, 64.9, 54.9, 57.6, 52.2, 2.8
168, 2010-06-18, 63.4, 67.7, 59.1, 71.9, 78.8, 65, 54.9, 57.5, 52.3, 2.6
169, 2010-06-19, 63.4, 67.6, 59.2, 71.9, 78.7, 65.1, 55, 57.6, 52.4, 2.5
170, 2010-06-20, 63.5, 67.7, 59.3, 71.9, 78.7, 65.1, 55, 57.6, 52.4, 2.4
171, 2010-06-21, 63.5, 67.7, 59.3, 72, 78.8, 65.2, 55.1, 57.7, 52.5, 2.2
172, 2010-06-22, 63.5, 67.7, 59.3, 72, 78.8, 65.2, 55.1, 57.7, 52.5, 2.1
173, 2010-06-23, 63.6, 67.8, 59.4, 72, 78.8, 65.2, 55.2, 57.7, 52.7, 2
174, 2010-06-24, 63.6, 67.7, 59.5, 72, 78.8, 65.2, 55.2, 57.7, 52.7, 1.9
175, 2010-06-25, 63.6, 67.7, 59.5, 72, 78.7, 65.3, 55.2, 57.7, 52.7, 1.8
176, 2010-06-26, 63.6, 67.7, 59.5, 72, 78.7, 65.3, 55.3, 57.8, 52.8, 1.7
177, 2010-06-27, 63.6, 67.7, 59.5, 71.9, 78.6, 65.2, 55.3, 57.8, 52.8, 1.7
178, 2010-06-28, 63.6, 67.7, 59.5, 71.9, 78.6, 65.2, 55.3, 57.8, 52.8, 1.6
179, 2010-06-29, 63.6, 67.6, 59.6, 71.9, 78.5, 65.3, 55.3, 57.7, 52.9, 1.5
180, 2010-06-30, 63.6, 67.6, 59.6, 71.8, 78.4, 65.2, 55.4, 57.8, 53, 1.4
181, 2010-07-01, 63.6, 67.6, 59.6, 71.8, 78.3, 65.3, 55.4, 57.8, 53, 1.3
182, 2010-07-02, 63.6, 67.5, 59.7, 71.7, 78.2, 65.2, 55.4, 57.8, 53, 1.2
183, 2010-07-03, 63.5, 67.4, 59.6, 71.7, 78.1, 65.3, 55.4, 57.8, 53, 1.2
184, 2010-07-04, 63.5, 67.4, 59.6, 71.6, 78, 65.2, 55.4, 57.8, 53, 1.1
185, 2010-07-05, 63.5, 67.3, 59.7, 71.6, 77.9, 65.3, 55.4, 57.8, 53, 1
186, 2010-07-06, 63.5, 67.3, 59.7, 71.5, 77.8, 65.2, 55.4, 57.8, 53, 1
187, 2010-07-07, 63.4, 67.2, 59.6, 71.4, 77.6, 65.2, 55.5, 57.9, 53.1, 0.9
188, 2010-07-08, 63.4, 67.1, 59.7, 71.3, 77.5, 65.1, 55.5, 57.9, 53.1, 0.9
189, 2010-07-09, 63.4, 67.1, 59.7, 71.3, 77.4, 65.2, 55.5, 57.9, 53.1, 0.8
190, 2010-07-10, 63.3, 67, 59.6, 71.2, 77.2, 65.2, 55.5, 57.9, 53.1, 0.8
191, 2010-07-11, 63.3, 66.9, 59.7, 71.1, 77.1, 65.1, 55.5, 57.9, 53.1, 0.7
192, 2010-07-12, 63.3, 66.9, 59.7, 71, 76.9, 65.1, 55.5, 57.9, 53.1, 0.7
193, 2010-07-13, 63.2, 66.8, 59.6, 71, 76.9, 65.1, 55.5, 57.9, 53.1, 0.6
194, 2010-07-14, 63.2, 66.8, 59.6, 70.9, 76.8, 65, 55.5, 57.9, 53.1, 0.6
195, 2010-07-15, 63.2, 66.8, 59.6, 70.8, 76.6, 65, 55.5, 57.9, 53.1, 0.6
196, 2010-07-16, 63.1, 66.7, 59.5, 70.8, 76.6, 65, 55.5, 57.9, 53.1, 0.5
197, 2010-07-17, 63.1, 66.7, 59.5, 70.7, 76.5, 64.9, 55.5, 57.9, 53.1, 0.5
198, 2010-07-18, 63.1, 66.6, 59.6, 70.6, 76.4, 64.8, 55.5, 57.9, 53.1, 0.5
199, 2010-07-19, 63, 66.5, 59.5, 70.6, 76.4, 64.8, 55.5, 57.9, 53.1, 0.5
200, 2010-07-20, 63, 66.5, 59.5, 70.5, 76.2, 64.8, 55.5, 57.9, 53.1, 0.4
201, 2010-07-21, 63, 66.5, 59.5, 70.5, 76.2, 64.8, 55.5, 57.9, 53.1, 0.4
202, 2010-07-22, 63, 66.5, 59.5, 70.5, 76.2, 64.8, 55.5, 57.9, 53.1, 0.4
203, 2010-07-23, 63, 66.5, 59.5, 70.4, 76.1, 64.7, 55.5, 57.9, 53.1, 0.4
204, 2010-07-24, 63, 66.5, 59.5, 70.4, 76.1, 64.7, 55.5, 57.9, 53.1, 0.4
205, 2010-07-25, 63, 66.5, 59.5, 70.4, 76, 64.8, 55.6, 58, 53.2, 0.4
206, 2010-07-26, 63, 66.5, 59.5, 70.4, 76, 64.8, 55.6, 58, 53.2, 0.3
207, 2010-07-27, 63, 66.4, 59.6, 70.4, 76, 64.8, 55.6, 58, 53.2, 0.3
208, 2010-07-28, 63, 66.4, 59.6, 70.4, 76, 64.8, 55.6, 58, 53.2, 0.3
209, 2010-07-29, 63, 66.4, 59.6, 70.4, 75.9, 64.9, 55.6, 58, 53.2, 0.3
210, 2010-07-30, 63, 66.4, 59.6, 70.5, 76, 65, 55.6, 58, 53.2, 0.4
211, 2010-07-31, 63.1, 66.4, 59.8, 70.5, 75.9, 65.1, 55.6, 58, 53.2, 0.4
212, 2010-08-01, 63.1, 66.4, 59.8, 70.5, 75.9, 65.1, 55.6, 58, 53.2, 0.4
213, 2010-08-02, 63.1, 66.4, 59.8, 70.6, 76, 65.2, 55.7, 58.1, 53.3, 0.4
214, 2010-08-03, 63.2, 66.5, 59.9, 70.6, 76, 65.2, 55.7, 58.1, 53.3, 0.4
215, 2010-08-04, 63.2, 66.5, 59.9, 70.7, 76, 65.4, 55.7, 58.1, 53.3, 0.4
216, 2010-08-05, 63.3, 66.6, 60, 70.8, 76.1, 65.5, 55.7, 58.1, 53.3, 0.4
217, 2010-08-06, 63.3, 66.6, 60, 70.9, 76.2, 65.6, 55.7, 58.2, 53.2, 0.5
218, 2010-08-07, 63.4, 66.7, 60.1, 71, 76.3, 65.7, 55.8, 58.3, 53.3, 0.5
219, 2010-08-08, 63.4, 66.7, 60.1, 71, 76.4, 65.6, 55.8, 58.3, 53.3, 0.5
220, 2010-08-09, 63.5, 66.8, 60.2, 71.1, 76.5, 65.7, 55.8, 58.3, 53.3, 0.5
221, 2010-08-10, 63.5, 66.8, 60.2, 71.3, 76.7, 65.9, 55.8, 58.3, 53.3, 0.5
222, 2010-08-11, 63.6, 66.9, 60.3, 71.4, 76.8, 66, 55.9, 58.4, 53.4, 0.6
223, 2010-08-12, 63.7, 67, 60.4, 71.5, 76.9, 66.1, 55.9, 58.4, 53.4, 0.6
224, 2010-08-13, 63.8, 67.1, 60.5, 71.6, 77.1, 66.1, 55.9, 58.4, 53.4, 0.6
225, 2010-08-14, 63.8, 67.1, 60.5, 71.7, 77.2, 66.2, 55.9, 58.4, 53.4, 0.6
226, 2010-08-15, 63.9, 67.2, 60.6, 71.8, 77.4, 66.2, 56, 58.5, 53.5, 0.7
227, 2010-08-16, 64, 67.4, 60.6, 72, 77.6, 66.4, 56, 58.5, 53.5, 0.7
228, 2010-08-17, 64.1, 67.5, 60.7, 72.1, 77.7, 66.5, 56, 58.5, 53.5, 0.7
229, 2010-08-18, 64.1, 67.5, 60.7, 72.2, 77.9, 66.5, 56.1, 58.6, 53.6, 0.7
230, 2010-08-19, 64.2, 67.6, 60.8, 72.3, 78, 66.6, 56.1, 58.7, 53.5, 0.8
231, 2010-08-20, 64.3, 67.7, 60.9, 72.4, 78.1, 66.7, 56.1, 58.7, 53.5, 0.8
232, 2010-08-21, 64.4, 67.8, 61, 72.6, 78.4, 66.8, 56.1, 58.7, 53.5, 0.8
233, 2010-08-22, 64.4, 67.8, 61, 72.7, 78.5, 66.9, 56.2, 58.8, 53.6, 0.9
234, 2010-08-23, 64.5, 68, 61, 72.8, 78.6, 67, 56.2, 58.8, 53.6, 0.9
235, 2010-08-24, 64.6, 68.1, 61.1, 72.9, 78.8, 67, 56.2, 58.8, 53.6, 1
236, 2010-08-25, 64.6, 68.1, 61.1, 73, 79, 67, 56.2, 58.8, 53.6, 1
237, 2010-08-26, 64.7, 68.3, 61.1, 73.2, 79.2, 67.2, 56.3, 58.9, 53.7, 1.1
238, 2010-08-27, 64.8, 68.4, 61.2, 73.3, 79.4, 67.2, 56.3, 58.9, 53.7, 1.2
239, 2010-08-28, 64.8, 68.4, 61.2, 73.4, 79.5, 67.3, 56.3, 58.9, 53.7, 1.3
240, 2010-08-29, 64.9, 68.6, 61.2, 73.5, 79.7, 67.3, 56.3, 58.9, 53.7, 1.4
241, 2010-08-30, 64.9, 68.6, 61.2, 73.6, 79.9, 67.3, 56.3, 59, 53.6, 1.5
242, 2010-08-31, 65, 68.8, 61.2, 73.6, 80, 67.2, 56.3, 59, 53.6, 1.6
243, 2010-09-01, 65, 68.8, 61.2, 73.7, 80.2, 67.2, 56.4, 59.1, 53.7, 1.7
244, 2010-09-02, 65.1, 69, 61.2, 73.8, 80.3, 67.3, 56.4, 59.1, 53.7, 1.8
245, 2010-09-03, 65.1, 69, 61.2, 73.9, 80.5, 67.3, 56.4, 59.1, 53.7, 1.9
246, 2010-09-04, 65.2, 69.1, 61.3, 73.9, 80.6, 67.2, 56.4, 59.1, 53.7, 2
247, 2010-09-05, 65.2, 69.2, 61.2, 74, 80.8, 67.2, 56.4, 59.1, 53.7, 2.1
248, 2010-09-06, 65.2, 69.2, 61.2, 74.1, 80.9, 67.3, 56.4, 59.1, 53.7, 2.2
249, 2010-09-07, 65.3, 69.4, 61.2, 74.1, 81, 67.2, 56.4, 59.2, 53.6, 2.4
250, 2010-09-08, 65.3, 69.4, 61.2, 74.1, 81.1, 67.1, 56.4, 59.2, 53.6, 2.5
251, 2010-09-09, 65.3, 69.4, 61.2, 74.2, 81.2, 67.2, 56.4, 59.2, 53.6, 2.6
252, 2010-09-10, 65.3, 69.5, 61.1, 74.2, 81.3, 67.1, 56.4, 59.2, 53.6, 2.8
253, 2010-09-11, 65.3, 69.5, 61.1, 74.2, 81.3, 67.1, 56.4, 59.2, 53.6, 2.9
254, 2010-09-12, 65.3, 69.5, 61.1, 74.3, 81.5, 67.1, 56.4, 59.2, 53.6, 3
255, 2010-09-13, 65.3, 69.6, 61, 74.3, 81.5, 67.1, 56.4, 59.2, 53.6, 3.2
256, 2010-09-14, 65.3, 69.6, 61, 74.3, 81.6, 67, 56.3, 59.1, 53.5, 3.3
257, 2010-09-15, 65.3, 69.6, 61, 74.3, 81.6, 67, 56.3, 59.1, 53.5, 3.5
258, 2010-09-16, 65.3, 69.6, 61, 74.3, 81.7, 66.9, 56.3, 59.1, 53.5, 3.6
259, 2010-09-17, 65.3, 69.6, 61, 74.3, 81.7, 66.9, 56.3, 59.1, 53.5, 3.8
260, 2010-09-18, 65.3, 69.7, 60.9, 74.3, 81.8, 66.8, 56.3, 59.1, 53.5, 3.9
261, 2010-09-19, 65.2, 69.6, 60.8, 74.3, 81.8, 66.8, 56.2, 59, 53.4, 4
262, 2010-09-20, 65.2, 69.6, 60.8, 74.2, 81.7, 66.7, 56.2, 59, 53.4, 4.2
263, 2010-09-21, 65.2, 69.6, 60.8, 74.2, 81.8, 66.6, 56.1, 58.9, 53.3, 4.3
264, 2010-09-22, 65.1, 69.5, 60.7, 74.2, 81.8, 66.6, 56.1, 59, 53.2, 4.4
265, 2010-09-23, 65.1, 69.5, 60.7, 74.1, 81.7, 66.5, 56.1, 59, 53.2, 4.6
266, 2010-09-24, 65.1, 69.5, 60.7, 74.1, 81.7, 66.5, 56, 58.9, 53.1, 4.7
267, 2010-09-25, 65, 69.5, 60.5, 74.1, 81.8, 66.4, 56, 58.9, 53.1, 4.9
268, 2010-09-26, 65, 69.5, 60.5, 74, 81.7, 66.3, 55.9, 58.8, 53, 5
269, 2010-09-27, 64.9, 69.4, 60.4, 74, 81.7, 66.3, 55.8, 58.7, 52.9, 5.1
270, 2010-09-28, 64.8, 69.3, 60.3, 73.9, 81.6, 66.2, 55.8, 58.8, 52.8, 5.2
271, 2010-09-29, 64.8, 69.3, 60.3, 73.9, 81.6, 66.2, 55.7, 58.7, 52.7, 5.3
272, 2010-09-30, 64.7, 69.2, 60.2, 73.8, 81.5, 66.1, 55.6, 58.6, 52.6, 5.5
273, 2010-10-01, 64.6, 69.1, 60.1, 73.7, 81.4, 66, 55.5, 58.5, 52.5, 5.7
274, 2010-10-02, 64.6, 69.1, 60.1, 73.7, 81.4, 66, 55.5, 58.5, 52.5, 5.9
275, 2010-10-03, 64.5, 69, 60, 73.6, 81.3, 65.9, 55.4, 58.5, 52.3, 6.1
276, 2010-10-04, 64.4, 68.9, 59.9, 73.5, 81.2, 65.8, 55.3, 58.4, 52.2, 6.3
277, 2010-10-05, 64.3, 68.8, 59.8, 73.4, 81.1, 65.7, 55.2, 58.3, 52.1, 6.6
278, 2010-10-06, 64.2, 68.7, 59.7, 73.3, 81, 65.6, 55.1, 58.2, 52, 6.8
279, 2010-10-07, 64.1, 68.5, 59.7, 73.2, 80.9, 65.5, 55, 58.2, 51.8, 7.1
280, 2010-10-08, 64, 68.4, 59.6, 73.1, 80.8, 65.4, 54.9, 58.1, 51.7, 7.4
281, 2010-10-09, 63.9, 68.3, 59.5, 73, 80.7, 65.3, 54.7, 57.9, 51.5, 7.6
282, 2010-10-10, 63.8, 68.2, 59.4, 72.9, 80.5, 65.3, 54.6, 57.8, 51.4, 7.9
283, 2010-10-11, 63.6, 68, 59.2, 72.8, 80.4, 65.2, 54.5, 57.8, 51.2, 8.2
284, 2010-10-12, 63.5, 67.9, 59.1, 72.7, 80.2, 65.2, 54.4, 57.7, 51.1, 8.5
285, 2010-10-13, 63.4, 67.8, 59, 72.5, 80, 65, 54.2, 57.6, 50.8, 8.9
286, 2010-10-14, 63.2, 67.6, 58.8, 72.4, 79.9, 64.9, 54.1, 57.5, 50.7, 9.3
287, 2010-10-15, 63.1, 67.5, 58.7, 72.2, 79.6, 64.8, 53.9, 57.3, 50.5, 9.6
288, 2010-10-16, 62.9, 67.3, 58.5, 72.1, 79.5, 64.7, 53.8, 57.3, 50.3, 10
289, 2010-10-17, 62.8, 67.1, 58.5, 71.9, 79.2, 64.6, 53.6, 57.1, 50.1, 10.5
290, 2010-10-18, 62.6, 66.9, 58.3, 71.8, 79.1, 64.5, 53.5, 57.1, 49.9, 10.9
291, 2010-10-19, 62.4, 66.7, 58.1, 71.6, 78.8, 64.4, 53.3, 56.9, 49.7, 11.4
292, 2010-10-20, 62.3, 66.6, 58, 71.4, 78.5, 64.3, 53.1, 56.7, 49.5, 11.9
293, 2010-10-21, 62.1, 66.4, 57.8, 71.2, 78.3, 64.1, 53, 56.7, 49.3, 12.4
294, 2010-10-22, 61.9, 66.2, 57.6, 71, 78, 64, 52.8, 56.5, 49.1, 12.9
295, 2010-10-23, 61.7, 66, 57.4, 70.8, 77.8, 63.8, 52.6, 56.3, 48.9, 13.4
296, 2010-10-24, 61.5, 65.8, 57.2, 70.6, 77.5, 63.7, 52.4, 56.2, 48.6, 14
297, 2010-10-25, 61.3, 65.6, 57, 70.4, 77.2, 63.6, 52.2, 56, 48.4, 14.6
298, 2010-10-26, 61.1, 65.4, 56.8, 70.1, 76.9, 63.3, 52, 55.9, 48.1, 15.1
299, 2010-10-27, 60.9, 65.2, 56.6, 69.9, 76.6, 63.2, 51.8, 55.7, 47.9, 15.7
300, 2010-10-28, 60.6, 64.9, 56.3, 69.7, 76.4, 63, 51.6, 55.6, 47.6, 16.3
301, 2010-10-29, 60.4, 64.7, 56.1, 69.4, 76, 62.8, 51.4, 55.4, 47.4, 16.9
302, 2010-10-30, 60.2, 64.5, 55.9, 69.1, 75.7, 62.5, 51.2, 55.2, 47.2, 17.4
303, 2010-10-31, 60, 64.3, 55.7, 68.9, 75.4, 62.4, 51, 55.1, 46.9, 17.9
304, 2010-11-01, 59.7, 64, 55.4, 68.6, 75, 62.2, 50.8, 54.9, 46.7, 18.3
305, 2010-11-02, 59.5, 63.8, 55.2, 68.3, 74.7, 61.9, 50.6, 54.8, 46.4, 18.8
306, 2010-11-03, 59.2, 63.5, 54.9, 68.1, 74.4, 61.8, 50.4, 54.6, 46.2, 19.3
307, 2010-11-04, 59, 63.3, 54.7, 67.8, 74.1, 61.5, 50.2, 54.5, 45.9, 19.7
308, 2010-11-05, 58.7, 63, 54.4, 67.5, 73.7, 61.3, 50, 54.3, 45.7, 20.2
309, 2010-11-06, 58.5, 62.8, 54.2, 67.2, 73.3, 61.1, 49.8, 54.2, 45.4, 20.7
310, 2010-11-07, 58.2, 62.5, 53.9, 66.9, 73, 60.8, 49.6, 54, 45.2, 21.2
311, 2010-11-08, 58, 62.3, 53.7, 66.6, 72.6, 60.6, 49.4, 53.8, 45, 21.7
312, 2010-11-09, 57.7, 61.9, 53.5, 66.3, 72.2, 60.4, 49.1, 53.6, 44.6, 22.2
313, 2010-11-10, 57.4, 61.6, 53.2, 66, 71.9, 60.1, 48.9, 53.4, 44.4, 22.7
314, 2010-11-11, 57.2, 61.4, 53, 65.7, 71.5, 59.9, 48.7, 53.2, 44.2, 23.1
315, 2010-11-12, 56.9, 61.1, 52.7, 65.3, 71, 59.6, 48.5, 53.1, 43.9, 23.6
316, 2010-11-13, 56.7, 60.9, 52.5, 65, 70.6, 59.4, 48.3, 52.9, 43.7, 24
317, 2010-11-14, 56.4, 60.6, 52.2, 64.7, 70.3, 59.1, 48.1, 52.7, 43.5, 24.4
318, 2010-11-15, 56.2, 60.3, 52.1, 64.4, 69.9, 58.9, 47.9, 52.5, 43.3, 24.8
319, 2010-11-16, 55.9, 60, 51.8, 64.1, 69.5, 58.7, 47.7, 52.3, 43.1, 25.2
320, 2010-11-17, 55.7, 59.8, 51.6, 63.8, 69.1, 58.5, 47.5, 52.2, 42.8, 25.6
321, 2010-11-18, 55.4, 59.5, 51.3, 63.5, 68.8, 58.2, 47.3, 52, 42.6, 25.9
322, 2010-11-19, 55.2, 59.3, 51.1, 63.2, 68.4, 58, 47.1, 51.8, 42.4, 26.1
323, 2010-11-20, 54.9, 58.9, 50.9, 62.9, 68, 57.8, 46.9, 51.6, 42.2, 26.4
324, 2010-11-21, 54.7, 58.7, 50.7, 62.6, 67.7, 57.5, 46.8, 51.6, 42, 26.7
325, 2010-11-22, 54.4, 58.4, 50.4, 62.3, 67.3, 57.3, 46.6, 51.4, 41.8, 26.9
326, 2010-11-23, 54.2, 58.2, 50.2, 62, 66.9, 57.1, 46.4, 51.2, 41.6, 27.1
327, 2010-11-24, 54, 57.9, 50.1, 61.7, 66.5, 56.9, 46.2, 51, 41.4, 27.3
328, 2010-11-25, 53.8, 57.7, 49.9, 61.4, 66.2, 56.6, 46.1, 50.9, 41.3, 27.5
329, 2010-11-26, 53.5, 57.4, 49.6, 61.2, 65.9, 56.5, 45.9, 50.7, 41.1, 27.6
330, 2010-11-27, 53.3, 57.2, 49.4, 60.9, 65.6, 56.2, 45.7, 50.5, 40.9, 27.8
331, 2010-11-28, 53.1, 57, 49.2, 60.7, 65.3, 56.1, 45.6, 50.5, 40.7, 27.9
332, 2010-11-29, 52.9, 56.7, 49.1, 60.4, 65, 55.8, 45.4, 50.3, 40.5, 28.1
333, 2010-11-30, 52.7, 56.5, 48.9, 60.2, 64.7, 55.7, 45.3, 50.2, 40.4, 28.3
334, 2010-12-01, 52.5, 56.3, 48.7, 59.9, 64.4, 55.4, 45.1, 50, 40.2, 28.5
335, 2010-12-02, 52.3, 56.1, 48.5, 59.7, 64.2, 55.2, 45, 49.9, 40.1, 28.7
336, 2010-12-03, 52.2, 56, 48.4, 59.5, 63.9, 55.1, 44.9, 49.8, 40, 28.9
337, 2010-12-04, 52, 55.8, 48.2, 59.3, 63.7, 54.9, 44.7, 49.6, 39.8, 29
338, 2010-12-05, 51.8, 55.6, 48, 59.1, 63.5, 54.7, 44.6, 49.5, 39.7, 29.2
339, 2010-12-06, 51.7, 55.5, 47.9, 58.9, 63.3, 54.5, 44.5, 49.4, 39.6, 29.3
340, 2010-12-07, 51.5, 55.3, 47.7, 58.7, 63.1, 54.3, 44.3, 49.2, 39.4, 29.4
341, 2010-12-08, 51.4, 55.3, 47.5, 58.5, 62.9, 54.1, 44.2, 49.1, 39.3, 29.5
342, 2010-12-09, 51.2, 55.1, 47.3, 58.3, 62.7, 53.9, 44.1, 49, 39.2, 29.6
343, 2010-12-10, 51.1, 55, 47.2, 58.2, 62.6, 53.8, 44, 49, 39, 29.7
344, 2010-12-11, 51, 54.9, 47.1, 58, 62.5, 53.5, 43.9, 48.9, 38.9, 29.8
345, 2010-12-12, 50.8, 54.7, 46.9, 57.9, 62.4, 53.4, 43.8, 48.8, 38.8, 29.9
346, 2010-12-13, 50.7, 54.7, 46.7, 57.7, 62.2, 53.2, 43.7, 48.7, 38.7, 30
347, 2010-12-14, 50.6, 54.6, 46.6, 57.6, 62.1, 53.1, 43.6, 48.7, 38.5, 30.1
348, 2010-12-15, 50.5, 54.5, 46.5, 57.5, 62, 53, 43.5, 48.6, 38.4, 30.1
349, 2010-12-16, 50.4, 54.5, 46.3, 57.4, 62, 52.8, 43.4, 48.5, 38.3, 30.1
350, 2010-12-17, 50.3, 54.4, 46.2, 57.3, 61.9, 52.7, 43.4, 48.5, 38.3, 30.2
351, 2010-12-18, 50.2, 54.3, 46.1, 57.2, 61.8, 52.6, 43.3, 48.4, 38.2, 30.3
352, 2010-12-19, 50.2, 54.3, 46.1, 57.1, 61.7, 52.5, 43.2, 48.3, 38.1, 30.4
353, 2010-12-20, 50.1, 54.3, 45.9, 57, 61.6, 52.4, 43.1, 48.2, 38, 30.4
354, 2010-12-21, 50, 54.2, 45.8, 57, 61.7, 52.3, 43.1, 48.2, 38, 30.5
355, 2010-12-22, 50, 54.2, 45.8, 56.9, 61.6, 52.2, 43, 48.2, 37.8, 30.6
356, 2010-12-23, 49.9, 54.1, 45.7, 56.8, 61.5, 52.1, 43, 48.2, 37.8, 30.6
357, 2010-12-24, 49.8, 54, 45.6, 56.8, 61.5, 52.1, 42.9, 48.1, 37.7, 30.7
358, 2010-12-25, 49.8, 54, 45.6, 56.7, 61.5, 51.9, 42.9, 48.1, 37.7, 30.8
359, 2010-12-26, 49.7, 54, 45.4, 56.7, 61.5, 51.9, 42.8, 48, 37.6, 31
360, 2010-12-27, 49.7, 54, 45.4, 56.7, 61.5, 51.9, 42.8, 48, 37.6, 31.2
361, 2010-12-28, 49.7, 54, 45.4, 56.6, 61.4, 51.8, 42.7, 47.9, 37.5, 31.3
362, 2010-12-29, 49.7, 54, 45.4, 56.6, 61.4, 51.8, 42.7, 47.9, 37.5, 31.5
363, 2010-12-30, 49.6, 53.9, 45.3, 56.6, 61.4, 51.8, 42.7, 47.9, 37.5, 31.6
364, 2010-12-31, 49.6, 53.9, 45.3, 56.6, 61.4, 51.8, 42.6, 47.8, 37.4, 31.7
