day, date, avg, avgh, avgl, hi, hih, hil, lo, loh, lol, precip
0, 2010-01-01, 50.6, 54.5, 46.7, 56, 60.8, 51.2, 45.2, 49.3, 41.1, 37.3
1, 2010-01-02, 50.6, 54.5, 46.7, 56, 60.8, 51.2, 45.2, 49.3, 41.1, 37.3
2, 2010-01-03, 50.6, 54.5, 46.7, 56, 60.9, 51.1, 45.2, 49.3, 41.1, 37.3
3, 2010-01-04, 50.6, 54.5, 46.7, 56, 60.9, 51.1, 45.2, 49.3, 41.1, 37.2
4, 2010-01-05, 50.6, 54.5, 46.7, 56.1, 61, 51.2, 45.2, 49.3, 41.1, 37.2
5, 2010-01-06, 50.7, 54.6, 46.8, 56.1, 61, 51.2, 45.2, 49.3, 41.1, 37.1
6, 2010-01-07, 50.7, 54.6, 46.8, 56.1, 61, 51.2, 45.3, 49.4, 41.2, 37.1
7, 2010-01-08, 50.7, 54.6, 46.8, 56.2, 61.1, 51.3, 45.3, 49.3, 41.3, 37
8, 2010-01-09, 50.8, 54.7, 46.9, 56.2, 61.1, 51.3, 45.3, 49.3, 41.3, 36.9
9, 2010-01-10, 50.8, 54.7, 46.9, 56.3, 61.3, 51.3, 45.3, 49.3, 41.3, 36.8
10, 2010-01-11, 50.9, 54.8, 47, 56.3, 61.3, 51.3, 45.4, 49.4, 41.4, 36.8
11, 2010-01-12, 50.9, 54.8, 47, 56.4, 61.4, 51.4, 45.4, 49.3, 41.5, 36.8
12, 2010-01-13, 51, 54.8, 47.2, 56.5, 61.5, 51.5, 45.5, 49.4, 41.6, 36.8
13, 2010-01-14, 51, 54.8, 47.2, 56.5, 61.5, 51.5, 45.5, 49.4, 41.6, 36.8
14, 2010-01-15, 51.1, 54.9, 47.3, 56.6, 61.6, 51.6, 45.5, 49.4, 41.6, 36.9
15, 2010-01-16, 51.2, 55, 47.4, 56.7, 61.7, 51.7, 45.6, 49.5, 41.7, 36.9
16, 2010-01-17, 51.2, 55, 47.4, 56.8, 61.8, 51.8, 45.7, 49.6, 41.8, 36.9
17, 2010-01-18, 51.3, 55.1, 47.5, 56.9, 61.9, 51.9, 45.7, 49.6, 41.8, 37
18, 2010-01-19, 51.4, 55.2, 47.6, 57, 62.1, 51.9, 45.8, 49.7, 41.9, 37
19, 2010-01-20, 51.5, 55.3, 47.7, 57.1, 62.2, 52, 45.8, 49.7, 41.9, 37.1
20, 2010-01-21, 51.5, 55.3, 47.7, 57.2, 62.3, 52.1, 45.9, 49.7, 42.1, 37.3
21, 2010-01-22, 51.6, 55.4, 47.8, 57.3, 62.4, 52.2, 45.9, 49.7, 42.1, 37.4
22, 2010-01-23, 51.7, 55.5, 47.9, 57.4, 62.5, 52.3, 46, 49.8, 42.2, 37.4
23, 2010-01-24, 51.8, 55.6, 48, 57.6, 62.7, 52.5, 46.1, 49.9, 42.3, 37.5
24, 2010-01-25, 51.9, 55.7, 48.1, 57.7, 62.9, 52.5, 46.1, 49.9, 42.3, 37.5
25, 2010-01-26, 52, 55.9, 48.1, 57.8, 63, 52.6, 46.2, 50, 42.4, 37.5
26, 2010-01-27, 52.1, 56, 48.2, 57.9, 63.1, 52.7, 46.3, 50.1, 42.5, 37.5
27, 2010-01-28, 52.2, 56.1, 48.3, 58.1, 63.3, 52.9, 46.4, 50.2, 42.6, 37.5
28, 2010-01-29, 52.3, 56.2, 48.4, 58.2, 63.5, 52.9, 46.4, 50.3, 42.5, 37.5
29, 2010-01-30, 52.4, 56.3, 48.5, 58.3, 63.6, 53, 46.5, 50.4, 42.6, 37.6
30, 2010-01-31, 52.5, 56.4, 48.6, 58.5, 63.8, 53.2, 46.6, 50.5, 42.7, 37.6
31, 2010-02-01, 52.6, 56.5, 48.7, 58.6, 64, 53.2, 46.6, 50.5, 42.7, 37.7
32, 2010-02-02, 52.7, 56.7, 48.7, 58.8, 64.2, 53.4, 46.7, 50.6, 42.8, 37.8
33, 2010-02-03, 52.8, 56.8, 48.8, 58.9, 64.3, 53.5, 46.8, 50.7, 42.9, 38
34, 2010-02-04, 52.9, 56.9, 48.9, 59, 64.5, 53.5, 46.9, 50.8, 43, 38.2
35, 2010-02-05, 53, 57, 49, 59.2, 64.7, 53.7, 46.9, 50.8, 43, 38.4
36, 2010-02-06, 53.1, 57.1, 49.1, 59.3, 64.8, 53.8, 47, 50.9, 43.1, 38.7
37, 2010-02-07, 53.2, 57.3, 49.1, 59.4, 65, 53.8, 47.1, 51, 43.2, 38.9
38, 2010-02-08, 53.3, 57.4, 49.2, 59.6, 65.2, 54, 47.1, 51, 43.2, 39.2
39, 2010-02-09, 53.4, 57.5, 49.3, 59.7, 65.4, 54, 47.2, 51.1, 43.3, 39.4
40, 2010-02-10, 53.5, 57.6, 49.4, 59.8, 65.5, 54.1, 47.3, 51.2, 43.4, 39.6
41, 2010-02-11, 53.6, 57.7, 49.5, 59.9, 65.6, 54.2, 47.3, 51.2, 43.4, 39.8
42, 2010-02-12, 53.7, 57.9, 49.5, 60.1, 65.9, 54.3, 47.4, 51.3, 43.5, 39.9
43, 2010-02-13, 53.8, 58, 49.6, 60.2, 66, 54.4, 47.5, 51.4, 43.6, 40.1
44, 2010-02-14, 53.9, 58.1, 49.7, 60.3, 66.2, 54.4, 47.5, 51.3, 43.7, 40.2
45, 2010-02-15, 54, 58.2, 49.8, 60.4, 66.3, 54.5, 47.6, 51.4, 43.8, 40.4
46, 2010-02-16, 54.1, 58.3, 49.9, 60.5, 66.5, 54.5, 47.6, 51.4, 43.8, 40.5
47, 2010-02-17, 54.1, 58.3, 49.9, 60.6, 66.6, 54.6, 47.7, 51.5, 43.9, 40.6
48, 2010-02-18, 54.2, 58.5, 49.9, 60.7, 66.7, 54.7, 47.8, 51.6, 44, 40.7
49, 2010-02-19, 54.3, 58.6, 50, 60.8, 66.9, 54.7, 47.8, 51.6, 44, 40.7
50, 2010-02-20, 54.4, 58.7, 50.1, 60.8, 66.9, 54.7, 47.9, 51.7, 44.1, 40.7
51, 2010-02-21, 54.4, 58.7, 50.1, 60.9, 67, 54.8, 47.9, 51.7, 44.1, 40.7
52, 2010-02-22, 54.5, 58.8, 50.2, 61, 67.2, 54.8, 48, 51.8, 44.2, 40.7
53, 2010-02-23, 54.5, 58.8, 50.2, 61.1, 67.3, 54.9, 48, 51.8, 44.2, 40.6
54, 2010-02-24, 54.6, 58.9, 50.3, 61.1, 67.3, 54.9, 48, 51.8, 44.2, 40.6
55, 2010-02-25, 54.6, 59, 50.2, 61.2, 67.5, 54.9, 48.1, 51.9, 44.3, 40.6
56, 2010-02-26, 54.7, 59.1, 50.3, 61.2, 67.5, 54.9, 48.1, 51.8, 44.4, 40.6
57, 2010-02-27, 54.7, 59.1, 50.3, 61.3, 67.7, 54.9, 48.2, 51.9, 44.5, 40.5
58, 2010-02-28, 54.8, 59.2, 50.4, 61.3, 67.7, 54.9, 48.2, 51.9, 44.5, 40.5
59, 2010-03-01, 54.8, 59.2, 50.4, 61.4, 67.8, 55, 48.2, 51.9, 44.5, 40.3
60, 2010-03-02, 54.8, 59.2, 50.4, 61.4, 67.9, 54.9, 48.3, 52, 44.6, 40.1
61, 2010-03-03, 54.9, 59.3, 50.5, 61.5, 68, 55, 48.3, 52, 44.6, 39.9
62, 2010-03-04, 54.9, 59.3, 50.5, 61.5, 68, 55, 48.3, 51.9, 44.7, 39.6
63, 2010-03-05, 54.9, 59.3, 50.5, 61.5, 68, 55, 48.3, 51.9, 44.7, 39.3
64, 2010-03-06, 55, 59.4, 50.6, 61.5, 68, 55, 48.4, 52, 44.8, 38.9
65, 2010-03-07, 55, 59.4, 50.6, 61.6, 68.1, 55.1, 48.4, 52, 44.8, 38.5
66, 2010-03-08, 55, 59.4, 50.6, 61.6, 68.2, 55, 48.4, 51.9, 44.9, 38.1
67, 2010-03-09, 55, 59.4, 50.6, 61.6, 68.2, 55, 48.4, 51.9, 44.9, 37.8
68, 2010-03-10, 55, 59.5, 50.5, 61.6, 68.2, 55, 48.4, 51.9, 44.9, 37.4
69, 2010-03-11, 55.1, 59.6, 50.6, 61.7, 68.3, 55.1, 48.5, 52, 45, 37
70, 2010-03-12, 55.1, 59.6, 50.6, 61.7, 68.3, 55.1, 48.5, 52, 45, 36.5
71, 2010-03-13, 55.1, 59.6, 50.6, 61.7, 68.4, 55, 48.5, 52, 45, 36.1
72, 2010-03-14, 55.1, 59.6, 50.6, 61.7, 68.4, 55, 48.5, 52, 45, 35.7
73, 2010-03-15, 55.1, 59.6, 50.6, 61.7, 68.4, 55, 48.5, 52, 45, 35.3
74, 2010-03-16, 55.1, 59.6, 50.6, 61.8, 68.5, 55.1, 48.5, 52, 45, 34.8
75, 2010-03-17, 55.2, 59.7, 50.7, 61.8, 68.5, 55.1, 48.5, 52, 45, 34.3
76, 2010-03-18, 55.2, 59.8, 50.6, 61.8, 68.6, 55, 48.5, 52, 45, 33.8
77, 2010-03-19, 55.2, 59.8, 50.6, 61.8, 68.6, 55, 48.6, 52, 45.2, 33.3
78, 2010-03-20, 55.2, 59.8, 50.6, 61.9, 68.8, 55, 48.6, 52, 45.2, 32.9
79, 2010-03-21, 55.2, 59.8, 50.6, 61.9, 68.8, 55, 48.6, 52, 45.2, 32.5
80, 2010-03-22, 55.3, 60, 50.6, 61.9, 68.8, 55, 48.6, 52, 45.2, 32.1
81, 2010-03-23, 55.3, 60, 50.6, 62, 69, 55, 48.6, 52, 45.2, 31.7
82, 2010-03-24, 55.3, 60, 50.6, 62, 69, 55, 48.6, 52, 45.2, 31.2
83, 2010-03-25, 55.3, 60, 50.6, 62, 69.1, 54.9, 48.6, 52, 45.2, 30.8
84, 2010-03-26, 55.3, 60, 50.6, 62.1, 69.2, 55, 48.6, 52, 45.2, 30.3
85, 2010-03-27, 55.4, 60.1, 50.7, 62.1, 69.2, 55, 48.6, 52, 45.2, 29.8
86, 2010-03-28, 55.4, 60.1, 50.7, 62.2, 69.3, 55.1, 48.6, 51.9, 45.3, 29.3
87, 2010-03-29, 55.4, 60.1, 50.7, 62.2, 69.3, 55.1, 48.7, 52, 45.4, 28.8
88, 2010-03-30, 55.5, 60.2, 50.8, 62.3, 69.5, 55.1, 48.7, 52, 45.4, 28.4
89, 2010-03-31, 55.5, 60.2, 50.8, 62.3, 69.5, 55.1, 48.7, 52, 45.4, 27.9
90, 2010-04-01, 55.5, 60.3, 50.7, 62.4, 69.6, 55.2, 48.7, 52, 45.4, 27.5
91, 2010-04-02, 55.6, 60.4, 50.8, 62.4, 69.6, 55.2, 48.7, 52, 45.4, 27.1
92, 2010-04-03, 55.6, 60.4, 50.8, 62.5, 69.7, 55.3, 48.7, 52, 45.4, 26.7
93, 2010-04-04, 55.6, 60.4, 50.8, 62.5, 69.8, 55.2, 48.8, 52.1, 45.5, 26.3
94, 2010-04-05, 55.7, 60.5, 50.9, 62.6, 69.9, 55.3, 48.8, 52.1, 45.5, 25.9
95, 2010-04-06, 55.7, 60.5, 50.9, 62.6, 69.9, 55.3, 48.8, 52.1, 45.5, 25.6
96, 2010-04-07, 55.8, 60.6, 51, 62.7, 70, 55.4, 48.8, 52.1, 45.5, 25.2
97, 2010-04-08, 55.8, 60.6, 51, 62.7, 70.1, 55.3, 48.9, 52.2, 45.6, 24.9
98, 2010-04-09, 55.8, 60.6, 51, 62.8, 70.2, 55.4, 48.9, 52.2, 45.6, 24.6
99, 2010-04-10, 55.9, 60.8, 51, 62.9, 70.3, 55.5, 48.9, 52.2, 45.6, 24.3
100, 2010-04-11, 55.9, 60.8, 51, 62.9, 70.3, 55.5, 49, 52.3, 45.7, 23.9
101, 2010-04-12, 56, 60.9, 51.1, 63, 70.5, 55.5, 49, 52.3, 45.7, 23.6
102, 2010-04-13, 56, 60.9, 51.1, 63, 70.5, 55.5, 49, 52.3, 45.7, 23.2
103, 2010-04-14, 56.1, 61, 51.2, 63.1, 70.6, 55.6, 49.1, 52.4, 45.8, 22.9
104, 2010-04-15, 56.1, 61, 51.2, 63.1, 70.6, 55.6, 49.1, 52.4, 45.8, 22.5
105, 2010-04-16, 56.2, 61.1, 51.3, 63.2, 70.7, 55.7, 49.2, 52.5, 45.9, 22.2
106, 2010-04-17, 56.2, 61.1, 51.3, 63.2, 70.7, 55.7, 49.2, 52.4, 46, 21.9
107, 2010-04-18, 56.3, 61.2, 51.4, 63.3, 70.8, 55.8, 49.2, 52.4, 46, 21.5
108, 2010-04-19, 56.3, 61.2, 51.4, 63.3, 70.8, 55.8, 49.3, 52.5, 46.1, 21.2
109, 2010-04-20, 56.4, 61.3, 51.5, 63.4, 70.9, 55.9, 49.3, 52.5, 46.1, 20.8
110, 2010-04-21, 56.4, 61.3, 51.5, 63.4, 70.9, 55.9, 49.4, 52.6, 46.2, 20.4
111, 2010-04-22, 56.4, 61.3, 51.5, 63.4, 70.9, 55.9, 49.4, 52.6, 46.2, 20
112, 2010-04-23, 56.5, 61.4, 51.6, 63.5, 71, 56, 49.5, 52.7, 46.3, 19.6
113, 2010-04-24, 56.5, 61.3, 51.7, 63.5, 71, 56, 49.6, 52.7, 46.5, 19.2
114, 2010-04-25, 56.6, 61.4, 51.8, 63.5, 71, 56, 49.6, 52.7, 46.5, 18.9
115, 2010-04-26, 56.6, 61.4, 51.8, 63.6, 71.1, 56.1, 49.7, 52.8, 46.6, 18.5
116, 2010-04-27, 56.7, 61.5, 51.9, 63.6, 71, 56.2, 49.7, 52.8, 46.6, 18.2
117, 2010-04-28, 56.7, 61.5, 51.9, 63.6, 71, 56.2, 49.8, 52.9, 46.7, 17.8
118, 2010-04-29, 56.8, 61.6, 52, 63.7, 71.1, 56.3, 49.9, 53, 46.8, 17.5
119, 2010-04-30, 56.8, 61.6, 52, 63.7, 71.1, 56.3, 49.9, 52.9, 46.9, 17.2
120, 2010-05-01, 56.9, 61.6, 52.2, 63.7, 71.1, 56.3, 50, 53, 47, 16.9
121, 2010-05-02, 56.9, 61.6, 52.2, 63.7, 71, 56.4, 50.1, 53.1, 47.1, 16.5
122, 2010-05-03, 56.9, 61.6, 52.2, 63.8, 71.1, 56.5, 50.1, 53.1, 47.1, 16.2
123, 2010-05-04, 57, 61.7, 52.3, 63.8, 71.1, 56.5, 50.2, 53.2, 47.2, 15.9
124, 2010-05-05, 57, 61.7, 52.3, 63.8, 71.1, 56.5, 50.3, 53.3, 47.3, 15.5
125, 2010-05-06, 57.1, 61.7, 52.5, 63.8, 71, 56.6, 50.3, 53.3, 47.3, 15.1
126, 2010-05-07, 57.1, 61.7, 52.5, 63.9, 71.1, 56.7, 50.4, 53.3, 47.5, 14.7
127, 2010-05-08, 57.2, 61.8, 52.6, 63.9, 71.1, 56.7, 50.5, 53.4, 47.6, 14.3
128, 2010-05-09, 57.2, 61.8, 52.6, 63.9, 71, 56.8, 50.5, 53.4, 47.6, 14
129, 2010-05-10, 57.3, 61.8, 52.8, 64, 71.1, 56.9, 50.6, 53.5, 47.7, 13.6
130, 2010-05-11, 57.3, 61.8, 52.8, 64, 71, 57, 50.7, 53.6, 47.8, 13.3
131, 2010-05-12, 57.4, 61.9, 52.9, 64, 71, 57, 50.7, 53.5, 47.9, 13.1
132, 2010-05-13, 57.4, 61.8, 53, 64.1, 71.1, 57.1, 50.8, 53.6, 48, 12.8
133, 2010-05-14, 57.5, 61.9, 53.1, 64.1, 71, 57.2, 50.9, 53.7, 48.1, 12.5
134, 2010-05-15, 57.5, 61.9, 53.1, 64.1, 71, 57.2, 50.9, 53.7, 48.1, 12.3
135, 2010-05-16, 57.6, 62, 53.2, 64.2, 71, 57.4, 51, 53.8, 48.2, 12
136, 2010-05-17, 57.7, 62, 53.4, 64.2, 71, 57.4, 51.1, 53.9, 48.3, 11.7
137, 2010-05-18, 57.7, 62, 53.4, 64.3, 71.1, 57.5, 51.1, 53.8, 48.4, 11.4
138, 2010-05-19, 57.8, 62.1, 53.5, 64.3, 71, 57.6, 51.2, 53.9, 48.5, 11.2
139, 2010-05-20, 57.8, 62.1, 53.5, 64.4, 71.1, 57.7, 51.3, 54, 48.6, 11
140, 2010-05-21, 57.9, 62.1, 53.7, 64.5, 71.2, 57.8, 51.3, 54, 48.6, 10.7
141, 2010-05-22, 58, 62.2, 53.8, 64.5, 71.2, 57.8, 51.4, 54.1, 48.7, 10.5
142, 2010-05-23, 58, 62.2, 53.8, 64.6, 71.3, 57.9, 51.5, 54.2, 48.8, 10.3
143, 2010-05-24, 58.1, 62.3, 53.9, 64.7, 71.4, 58, 51.5, 54.2, 48.8, 10.1
144, 2010-05-25, 58.2, 62.4, 54, 64.7, 71.3, 58.1, 51.6, 54.3, 48.9, 9.9
145, 2010-05-26, 58.3, 62.5, 54.1, 64.8, 71.4, 58.2, 51.7, 54.3, 49.1, 9.7
146, 2010-05-27, 58.3, 62.5, 54.1, 64.9, 71.5, 58.3, 51.7, 54.3, 49.1, 9.4
147, 2010-05-28, 58.4, 62.6, 54.2, 65, 71.6, 58.4, 51.8, 54.4, 49.2, 9.2
148, 2010-05-29, 58.5, 62.7, 54.3, 65.1, 71.7, 58.5, 51.9, 54.5, 49.3, 8.9
149, 2010-05-30, 58.5, 62.7, 54.3, 65.2, 71.8, 58.6, 51.9, 54.5, 49.3, 8.6
150, 2010-05-31, 58.6, 62.8, 54.4, 65.3, 71.9, 58.7, 52, 54.6, 49.4, 8.4
151, 2010-06-01, 58.7, 62.9, 54.5, 65.4, 72.1, 58.7, 52, 54.6, 49.4, 8.2
152, 2010-06-02, 58.8, 63, 54.6, 65.4, 72.1, 58.7, 52.1, 54.7, 49.5, 7.9
153, 2010-06-03, 58.8, 63, 54.6, 65.5, 72.2, 58.8, 52.2, 54.8, 49.6, 7.7
154, 2010-06-04, 58.9, 63.1, 54.7, 65.6, 72.3, 58.9, 52.2, 54.8, 49.6, 7.6
155, 2010-06-05, 59, 63.2, 54.8, 65.7, 72.5, 58.9, 52.3, 54.9, 49.7, 7.3
156, 2010-06-06, 59.1, 63.3, 54.9, 65.8, 72.6, 59, 52.3, 54.9, 49.7, 7.1
157, 2010-06-07, 59.1, 63.4, 54.8, 65.9, 72.7, 59.1, 52.4, 55, 49.8, 6.9
158, 2010-06-08, 59.2, 63.5, 54.9, 66, 72.9, 59.1, 52.4, 55, 49.8, 6.7
159, 2010-06-09, 59.3, 63.6, 55, 66.1, 73, 59.2, 52.5, 55.1, 49.9, 6.5
160, 2010-06-10, 59.4, 63.7, 55.1, 66.2, 73.1, 59.3, 52.5, 55.1, 49.9, 6.2
161, 2010-06-11, 59.4, 63.7, 55.1, 66.2, 73.2, 59.2, 52.6, 55.2, 50, 6
162, 2010-06-12, 59.5, 63.8, 55.2, 66.3, 73.3, 59.3, 52.6, 55.2, 50, 5.8
163, 2010-06-13, 59.6, 63.9, 55.3, 66.4, 73.4, 59.4, 52.7, 55.3, 50.1, 5.5
164, 2010-06-14, 59.6, 63.9, 55.3, 66.5, 73.6, 59.4, 52.7, 55.3, 50.1, 5.3
165, 2010-06-15, 59.7, 64, 55.4, 66.5, 73.6, 59.4, 52.8, 55.3, 50.3, 5.2
166, 2010-06-16, 59.7, 64, 55.4, 66.6, 73.7, 59.5, 52.8, 55.3, 50.3, 5
167, 2010-06-17, 59.8, 64.1, 55.5, 66.7, 73.8, 59.6, 52.9, 55.4, 50.4, 4.8
168, 2010-06-18, 59.8, 64.1, 55.5, 66.7, 73.8, 59.6, 52.9, 55.4, 50.4, 4.6
169, 2010-06-19, 59.9, 64.2, 55.6, 66.8, 73.9, 59.7, 53, 55.5, 50.5, 4.4
170, 2010-06-20, 59.9, 64.2, 55.6, 66.8, 73.9, 59.7, 53, 55.5, 50.5, 4.2
171, 2010-06-21, 60, 64.3, 55.7, 66.8, 73.9, 59.7, 53.1, 55.6, 50.6, 4.1
172, 2010-06-22, 60, 64.3, 55.7, 66.9, 74, 59.8, 53.1, 55.6, 50.6, 3.9
173, 2010-06-23, 60, 64.3, 55.7, 66.9, 74, 59.8, 53.2, 55.7, 50.7, 3.8
174, 2010-06-24, 60.1, 64.4, 55.8, 66.9, 74, 59.8, 53.2, 55.7, 50.7, 3.7
175, 2010-06-25, 60.1, 64.4, 55.8, 66.9, 74, 59.8, 53.3, 55.8, 50.8, 3.6
176, 2010-06-26, 60.1, 64.4, 55.8, 66.9, 74, 59.8, 53.3, 55.8, 50.8, 3.4
177, 2010-06-27, 60.1, 64.4, 55.8, 66.9, 73.9, 59.9, 53.3, 55.8, 50.8, 3.3
178, 2010-06-28, 60.1, 64.4, 55.8, 66.9, 73.9, 59.9, 53.4, 55.9, 50.9, 3.2
179, 2010-06-29, 60.2, 64.5, 55.9, 66.9, 73.9, 59.9, 53.4, 55.9, 50.9, 3.1
180, 2010-06-30, 60.2, 64.4, 56, 66.9, 73.8, 60, 53.5, 56, 51, 3
181, 2010-07-01, 60.2, 64.4, 56, 66.9, 73.8, 60, 53.5, 56, 51, 2.8
182, 2010-07-02, 60.2, 64.4, 56, 66.8, 73.6, 60, 53.6, 56.1, 51.1, 2.7
183, 2010-07-03, 60.2, 64.4, 56, 66.8, 73.6, 60, 53.6, 56.1, 51.1, 2.5
184, 2010-07-04, 60.2, 64.3, 56.1, 66.8, 73.5, 60.1, 53.6, 56.1, 51.1, 2.4
185, 2010-07-05, 60.2, 64.3, 56.1, 66.8, 73.5, 60.1, 53.7, 56.2, 51.2, 2.4
186, 2010-07-06, 60.2, 64.3, 56.1, 66.7, 73.3, 60.1, 53.7, 56.1, 51.3, 2.3
187, 2010-07-07, 60.2, 64.2, 56.2, 66.7, 73.3, 60.1, 53.8, 56.2, 51.4, 2.2
188, 2010-07-08, 60.2, 64.2, 56.2, 66.6, 73.1, 60.1, 53.8, 56.2, 51.4, 2.1
189, 2010-07-09, 60.2, 64.2, 56.2, 66.6, 73, 60.2, 53.8, 56.2, 51.4, 2.1
190, 2010-07-10, 60.2, 64.1, 56.3, 66.6, 72.9, 60.3, 53.9, 56.3, 51.5, 2
191, 2010-07-11, 60.2, 64.1, 56.3, 66.5, 72.8, 60.2, 53.9, 56.3, 51.5, 2
192, 2010-07-12, 60.2, 64.1, 56.3, 66.5, 72.7, 60.3, 54, 56.4, 51.6, 1.9
193, 2010-07-13, 60.2, 64, 56.4, 66.5, 72.6, 60.4, 54, 56.4, 51.6, 1.9
194, 2010-07-14, 60.2, 64, 56.4, 66.4, 72.5, 60.3, 54, 56.4, 51.6, 1.8
195, 2010-07-15, 60.2, 64, 56.4, 66.4, 72.4, 60.4, 54.1, 56.5, 51.7, 1.8
196, 2010-07-16, 60.2, 64, 56.4, 66.4, 72.4, 60.4, 54.1, 56.5, 51.7, 1.8
197, 2010-07-17, 60.2, 63.9, 56.5, 66.3, 72.2, 60.4, 54.1, 56.5, 51.7, 1.8
198, 2010-07-18, 60.3, 64, 56.6, 66.3, 72.2, 60.4, 54.2, 56.6, 51.8, 1.8
199, 2010-07-19, 60.3, 64, 56.6, 66.3, 72.2, 60.4, 54.2, 56.6, 51.8, 1.8
200, 2010-07-20, 60.3, 64, 56.6, 66.3, 72.2, 60.4, 54.3, 56.6, 52, 1.8
201, 2010-07-21, 60.3, 63.9, 56.7, 66.3, 72.1, 60.5, 54.3, 56.6, 52, 1.8
202, 2010-07-22, 60.3, 63.9, 56.7, 66.3, 72.1, 60.5, 54.3, 56.6, 52, 1.8
203, 2010-07-23, 60.3, 63.9, 56.7, 66.3, 72.1, 60.5, 54.4, 56.7, 52.1, 1.8
204, 2010-07-24, 60.4, 64, 56.8, 66.3, 72.1, 60.5, 54.4, 56.7, 52.1, 1.8
205, 2010-07-25, 60.4, 64, 56.8, 66.3, 72.1, 60.5, 54.4, 56.7, 52.1, 1.8
206, 2010-07-26, 60.4, 64, 56.8, 66.4, 72.2, 60.6, 54.5, 56.8, 52.2, 1.8
207, 2010-07-27, 60.5, 64.1, 56.9, 66.4, 72.2, 60.6, 54.5, 56.8, 52.2, 1.9
208, 2010-07-28, 60.5, 64.1, 56.9, 66.4, 72.2, 60.6, 54.6, 56.9, 52.3, 1.9
209, 2010-07-29, 60.5, 64, 57, 66.5, 72.3, 60.7, 54.6, 56.9, 52.3, 2
210, 2010-07-30, 60.6, 64.1, 57.1, 66.5, 72.3, 60.7, 54.6, 56.8, 52.4, 2.1
211, 2010-07-31, 60.6, 64.1, 57.1, 66.6, 72.4, 60.8, 54.7, 56.9, 52.5, 2.2
212, 2010-08-01, 60.7, 64.2, 57.2, 66.6, 72.4, 60.8, 54.7, 56.9, 52.5, 2.3
213, 2010-08-02, 60.7, 64.2, 57.2, 66.7, 72.4, 61, 54.7, 56.9, 52.5, 2.3
214, 2010-08-03, 60.8, 64.3, 57.3, 66.8, 72.6, 61, 54.8, 57, 52.6, 2.4
215, 2010-08-04, 60.8, 64.3, 57.3, 66.9, 72.7, 61.1, 54.8, 57, 52.6, 2.4
216, 2010-08-05, 60.9, 64.4, 57.4, 66.9, 72.7, 61.1, 54.8, 57, 52.6, 2.5
217, 2010-08-06, 60.9, 64.4, 57.4, 67, 72.8, 61.2, 54.9, 57.1, 52.7, 2.5
218, 2010-08-07, 61, 64.5, 57.5, 67.1, 72.9, 61.3, 54.9, 57.1, 52.7, 2.6
219, 2010-08-08, 61.1, 64.6, 57.6, 67.2, 73.1, 61.3, 54.9, 57.1, 52.7, 2.6
220, 2010-08-09, 61.1, 64.6, 57.6, 67.3, 73.2, 61.4, 55, 57.2, 52.8, 2.7
221, 2010-08-10, 61.2, 64.8, 57.6, 67.4, 73.4, 61.4, 55, 57.2, 52.8, 2.7
222, 2010-08-11, 61.3, 64.9, 57.7, 67.5, 73.5, 61.5, 55, 57.2, 52.8, 2.7
223, 2010-08-12, 61.3, 64.9, 57.7, 67.6, 73.6, 61.6, 55, 57.2, 52.8, 2.8
224, 2010-08-13, 61.4, 65, 57.8, 67.8, 73.9, 61.7, 55.1, 57.3, 52.9, 2.8
225, 2010-08-14, 61.5, 65.1, 57.9, 67.9, 74, 61.8, 55.1, 57.3, 52.9, 2.9
226, 2010-08-15, 61.6, 65.3, 57.9, 68, 74.2, 61.8, 55.1, 57.3, 52.9, 2.9
227, 2010-08-16, 61.6, 65.3, 57.9, 68.1, 74.3, 61.9, 55.1, 57.3, 52.9, 2.9
228, 2010-08-17, 61.7, 65.4, 58, 68.2, 74.5, 61.9, 55.2, 57.4, 53, 3
229, 2010-08-18, 61.8, 65.6, 58, 68.3, 74.6, 62, 55.2, 57.5, 52.9, 3
230, 2010-08-19, 61.8, 65.6, 58, 68.4, 74.8, 62, 55.2, 57.5, 52.9, 3.1
231, 2010-08-20, 61.9, 65.7, 58.1, 68.5, 74.9, 62.1, 55.2, 57.5, 52.9, 3.1
232, 2010-08-21, 62, 65.9, 58.1, 68.7, 75.2, 62.2, 55.2, 57.5, 52.9, 3.1
233, 2010-08-22, 62, 65.9, 58.1, 68.8, 75.3, 62.3, 55.3, 57.6, 53, 3.2
234, 2010-08-23, 62.1, 66, 58.2, 68.9, 75.5, 62.3, 55.3, 57.6, 53, 3.2
235, 2010-08-24, 62.1, 66.1, 58.1, 69, 75.6, 62.4, 55.3, 57.7, 52.9, 3.2
236, 2010-08-25, 62.2, 66.2, 58.2, 69.1, 75.8, 62.4, 55.3, 57.7, 52.9, 3.3
237, 2010-08-26, 62.2, 66.2, 58.2, 69.2, 75.9, 62.5, 55.3, 57.7, 52.9, 3.3
238, 2010-08-27, 62.3, 66.4, 58.2, 69.3, 76.1, 62.5, 55.3, 57.7, 52.9, 3.4
239, 2010-08-28, 62.3, 66.4, 58.2, 69.4, 76.2, 62.6, 55.3, 57.7, 52.9, 3.5
240, 2010-08-29, 62.4, 66.6, 58.2, 69.4, 76.3, 62.5, 55.3, 57.8, 52.8, 3.5
241, 2010-08-30, 62.4, 66.6, 58.2, 69.5, 76.4, 62.6, 55.3, 57.8, 52.8, 3.6
242, 2010-08-31, 62.5, 66.7, 58.3, 69.6, 76.6, 62.6, 55.3, 57.8, 52.8, 3.7
243, 2010-09-01, 62.5, 66.8, 58.2, 69.7, 76.8, 62.6, 55.3, 57.8, 52.8, 3.8
244, 2010-09-02, 62.5, 66.8, 58.2, 69.7, 76.8, 62.6, 55.3, 57.8, 52.8, 3.9
245, 2010-09-03, 62.6, 66.9, 58.3, 69.8, 77, 62.6, 55.3, 57.8, 52.8, 4
246, 2010-09-04, 62.6, 67, 58.2, 69.9, 77.1, 62.7, 55.3, 57.9, 52.7, 4.1
247, 2010-09-05, 62.6, 67, 58.2, 69.9, 77.2, 62.6, 55.3, 57.9, 52.7, 4.2
248, 2010-09-06, 62.6, 67, 58.2, 70, 77.3, 62.7, 55.3, 57.9, 52.7, 4.4
249, 2010-09-07, 62.7, 67.1, 58.3, 70, 77.4, 62.6, 55.3, 57.9, 52.7, 4.5
250, 2010-09-08, 62.7, 67.2, 58.2, 70.1, 77.5, 62.7, 55.3, 57.9, 52.7, 4.7
251, 2010-09-09, 62.7, 67.2, 58.2, 70.1, 77.6, 62.6, 55.3, 57.9, 52.7, 4.8
252, 2010-09-10, 62.7, 67.2, 58.2, 70.2, 77.7, 62.7, 55.3, 57.9, 52.7, 4.9
253, 2010-09-11, 62.7, 67.2, 58.2, 70.2, 77.8, 62.6, 55.2, 57.8, 52.6, 5.1
254, 2010-09-12, 62.7, 67.3, 58.1, 70.2, 77.8, 62.6, 55.2, 57.8, 52.6, 5.2
255, 2010-09-13, 62.7, 67.3, 58.1, 70.2, 77.9, 62.5, 55.2, 57.8, 52.6, 5.4
256, 2010-09-14, 62.7, 67.3, 58.1, 70.3, 78, 62.6, 55.2, 57.8, 52.6, 5.5
257, 2010-09-15, 62.7, 67.3, 58.1, 70.3, 78.1, 62.5, 55.2, 57.8, 52.6, 5.7
258, 2010-09-16, 62.7, 67.3, 58.1, 70.3, 78.1, 62.5, 55.1, 57.7, 52.5, 5.8
259, 2010-09-17, 62.7, 67.4, 58, 70.3, 78.2, 62.4, 55.1, 57.7, 52.5, 6
260, 2010-09-18, 62.7, 67.4, 58, 70.3, 78.2, 62.4, 55.1, 57.7, 52.5, 6.1
261, 2010-09-19, 62.7, 67.4, 58, 70.4, 78.4, 62.4, 55.1, 57.7, 52.5, 6.2
262, 2010-09-20, 62.7, 67.4, 58, 70.4, 78.4, 62.4, 55, 57.6, 52.4, 6.4
263, 2010-09-21, 62.7, 67.5, 57.9, 70.4, 78.5, 62.3, 55, 57.6, 52.4, 6.5
264, 2010-09-22, 62.7, 67.5, 57.9, 70.4, 78.5, 62.3, 55, 57.6, 52.4, 6.7
265, 2010-09-23, 62.7, 67.5, 57.9, 70.4, 78.6, 62.2, 54.9, 57.5, 52.3, 6.8
266, 2010-09-24, 62.7, 67.5, 57.9, 70.4, 78.6, 62.2, 54.9, 57.5, 52.3, 7
267, 2010-09-25, 62.6, 67.5, 57.7, 70.4, 78.6, 62.2, 54.9, 57.6, 52.2, 7.1
268, 2010-09-26, 62.6, 67.5, 57.7, 70.4, 78.7, 62.1, 54.8, 57.5, 52.1, 7.2
269, 2010-09-27, 62.6, 67.5, 57.7, 70.4, 78.7, 62.1, 54.8, 57.5, 52.1, 7.4
270, 2010-09-28, 62.6, 67.5, 57.7, 70.4, 78.7, 62.1, 54.8, 57.5, 52.1, 7.6
271, 2010-09-29, 62.5, 67.4, 57.6, 70.4, 78.8, 62, 54.7, 57.4, 52, 7.7
272, 2010-09-30, 62.5, 67.4, 57.6, 70.3, 78.7, 61.9, 54.7, 57.4, 52, 7.9
273, 2010-10-01, 62.5, 67.5, 57.5, 70.3, 78.7, 61.9, 54.7, 57.4, 52, 8.1
274, 2010-10-02, 62.5, 67.5, 57.5, 70.3, 78.7, 61.9, 54.6, 57.3, 51.9, 8.4
275, 2010-10-03, 62.4, 67.4, 57.4, 70.3, 78.7, 61.9, 54.6, 57.3, 51.9, 8.6
276, 2010-10-04, 62.4, 67.4, 57.4, 70.2, 78.6, 61.8, 54.5, 57.2, 51.8, 8.8
277, 2010-10-05, 62.3, 67.3, 57.3, 70.2, 78.6, 61.8, 54.5, 57.3, 51.7, 9.1
278, 2010-10-06, 62.3, 67.3, 57.3, 70.2, 78.6, 61.8, 54.4, 57.2, 51.6, 9.4
279, 2010-10-07, 62.3, 67.3, 57.3, 70.1, 78.5, 61.7, 54.4, 57.2, 51.6, 9.6
280, 2010-10-08, 62.2, 67.2, 57.2, 70.1, 78.5, 61.7, 54.3, 57.1, 51.5, 9.9
281, 2010-10-09, 62.1, 67.1, 57.1, 70, 78.4, 61.6, 54.3, 57.1, 51.5, 10.2
282, 2010-10-10, 62.1, 67.1, 57.1, 70, 78.4, 61.6, 54.2, 57, 51.4, 10.5
283, 2010-10-11, 62, 67, 57, 69.9, 78.2, 61.6, 54.1, 57, 51.2, 10.8
284, 2010-10-12, 62, 67, 57, 69.8, 78.1, 61.5, 54.1, 57, 51.2, 11.2
285, 2010-10-13, 61.9, 66.9, 56.9, 69.8, 78.1, 61.5, 54, 56.9, 51.1, 11.6
286, 2010-10-14, 61.8, 66.8, 56.8, 69.7, 77.9, 61.5, 54, 56.9, 51.1, 12
287, 2010-10-15, 61.7, 66.6, 56.8, 69.6, 77.8, 61.4, 53.9, 56.8, 51, 12.5
288, 2010-10-16, 61.6, 66.5, 56.7, 69.5, 77.6, 61.4, 53.8, 56.8, 50.8, 13
289, 2010-10-17, 61.6, 66.5, 56.7, 69.4, 77.4, 61.4, 53.7, 56.7, 50.7, 13.5
290, 2010-10-18, 61.5, 66.4, 56.6, 69.3, 77.3, 61.3, 53.7, 56.7, 50.7, 14
291, 2010-10-19, 61.4, 66.2, 56.6, 69.1, 77, 61.2, 53.6, 56.6, 50.6, 14.5
292, 2010-10-20, 61.3, 66.1, 56.5, 69, 76.8, 61.2, 53.5, 56.5, 50.5, 15.1
293, 2010-10-21, 61.1, 65.9, 56.3, 68.9, 76.6, 61.2, 53.4, 56.4, 50.4, 15.7
294, 2010-10-22, 61, 65.7, 56.3, 68.7, 76.3, 61.1, 53.3, 56.4, 50.2, 16.3
295, 2010-10-23, 60.9, 65.6, 56.2, 68.6, 76.2, 61, 53.2, 56.3, 50.1, 16.9
296, 2010-10-24, 60.8, 65.4, 56.2, 68.4, 75.9, 60.9, 53.1, 56.2, 50, 17.5
297, 2010-10-25, 60.6, 65.2, 56, 68.3, 75.7, 60.9, 53, 56.1, 49.9, 18.1
298, 2010-10-26, 60.5, 65.1, 55.9, 68.1, 75.4, 60.8, 52.9, 56, 49.8, 18.8
299, 2010-10-27, 60.4, 65, 55.8, 67.9, 75.2, 60.6, 52.8, 55.9, 49.7, 19.4
300, 2010-10-28, 60.2, 64.7, 55.7, 67.7, 74.9, 60.5, 52.7, 55.9, 49.5, 20
301, 2010-10-29, 60, 64.5, 55.5, 67.5, 74.6, 60.4, 52.6, 55.8, 49.4, 20.7
302, 2010-10-30, 59.9, 64.4, 55.4, 67.3, 74.3, 60.3, 52.5, 55.7, 49.3, 21.3
303, 2010-10-31, 59.7, 64.2, 55.2, 67.1, 74.1, 60.1, 52.4, 55.6, 49.2, 21.8
304, 2010-11-01, 59.5, 63.9, 55.1, 66.8, 73.7, 59.9, 52.2, 55.5, 48.9, 22.4
305, 2010-11-02, 59.4, 63.8, 55, 66.6, 73.5, 59.7, 52.1, 55.4, 48.8, 23
306, 2010-11-03, 59.2, 63.6, 54.8, 66.4, 73.2, 59.6, 52, 55.3, 48.7, 23.5
307, 2010-11-04, 59, 63.4, 54.6, 66.1, 72.8, 59.4, 51.8, 55.1, 48.5, 24.1
308, 2010-11-05, 58.8, 63.1, 54.5, 65.9, 72.5, 59.3, 51.7, 55.1, 48.3, 24.7
309, 2010-11-06, 58.6, 62.9, 54.3, 65.6, 72.2, 59, 51.6, 55, 48.2, 25.3
310, 2010-11-07, 58.4, 62.7, 54.1, 65.4, 71.9, 58.9, 51.4, 54.8, 48, 25.8
311, 2010-11-08, 58.2, 62.5, 53.9, 65.1, 71.5, 58.7, 51.3, 54.7, 47.9, 26.4
312, 2010-11-09, 58, 62.2, 53.8, 64.9, 71.2, 58.6, 51.1, 54.5, 47.7, 27
313, 2010-11-10, 57.8, 62, 53.6, 64.6, 70.9, 58.3, 51, 54.4, 47.6, 27.6
314, 2010-11-11, 57.6, 61.8, 53.4, 64.3, 70.5, 58.1, 50.8, 54.2, 47.4, 28
315, 2010-11-12, 57.4, 61.5, 53.3, 64, 70.1, 57.9, 50.7, 54.1, 47.3, 28.5
316, 2010-11-13, 57.2, 61.3, 53.1, 63.8, 69.8, 57.8, 50.5, 53.9, 47.1, 29
317, 2010-11-14, 56.9, 60.9, 52.9, 63.5, 69.4, 57.6, 50.4, 53.8, 47, 29.4
318, 2010-11-15, 56.7, 60.7, 52.7, 63.2, 69.1, 57.3, 50.2, 53.6, 46.8, 29.9
319, 2010-11-16, 56.5, 60.5, 52.5, 62.9, 68.7, 57.1, 50.1, 53.5, 46.7, 30.3
320, 2010-11-17, 56.3, 60.2, 52.4, 62.7, 68.4, 57, 49.9, 53.3, 46.5, 30.7
321, 2010-11-18, 56.1, 60, 52.2, 62.4, 68.1, 56.7, 49.7, 53.2, 46.2, 31.1
322, 2010-11-19, 55.9, 59.8, 52, 62.1, 67.7, 56.5, 49.6, 53.1, 46.1, 31.4
323, 2010-11-20, 55.6, 59.5, 51.7, 61.9, 67.4, 56.4, 49.4, 52.9, 45.9, 31.7
324, 2010-11-21, 55.4, 59.2, 51.6, 61.6, 67.1, 56.1, 49.3, 52.8, 45.8, 32.1
325, 2010-11-22, 55.2, 59, 51.4, 61.3, 66.7, 55.9, 49.1, 52.6, 45.6, 32.4
326, 2010-11-23, 55, 58.8, 51.2, 61.1, 66.4, 55.8, 48.9, 52.4, 45.4, 32.7
327, 2010-11-24, 54.8, 58.5, 51.1, 60.8, 66.1, 55.5, 48.8, 52.3, 45.3, 33
328, 2010-11-25, 54.6, 58.3, 50.9, 60.6, 65.8, 55.4, 48.6, 52.1, 45.1, 33.2
329, 2010-11-26, 54.4, 58.1, 50.7, 60.3, 65.4, 55.2, 48.5, 52, 45, 33.4
330, 2010-11-27, 54.2, 57.9, 50.5, 60.1, 65.2, 55, 48.3, 51.8, 44.8, 33.7
331, 2010-11-28, 54, 57.6, 50.4, 59.9, 64.9, 54.9, 48.1, 51.6, 44.6, 33.9
332, 2010-11-29, 53.8, 57.4, 50.2, 59.6, 64.6, 54.6, 48, 51.5, 44.5, 34.1
333, 2010-11-30, 53.6, 57.2, 50, 59.4, 64.3, 54.5, 47.8, 51.4, 44.2, 34.4
334, 2010-12-01, 53.4, 57, 49.8, 59.2, 64.1, 54.3, 47.7, 51.3, 44.1, 34.6
335, 2010-12-02, 53.3, 56.9, 49.7, 59, 63.8, 54.2, 47.5, 51.1, 43.9, 34.9
336, 2010-12-03, 53.1, 56.7, 49.5, 58.8, 63.6, 54, 47.4, 51, 43.8, 35.1
337, 2010-12-04, 52.9, 56.5, 49.3, 58.6, 63.4, 53.8, 47.3, 50.9, 43.7, 35.4
338, 2010-12-05, 52.8, 56.4, 49.2, 58.4, 63.2, 53.6, 47.1, 50.7, 43.5, 35.6
339, 2010-12-06, 52.6, 56.2, 49, 58.2, 62.9, 53.5, 47, 50.6, 43.4, 35.8
340, 2010-12-07, 52.5, 56.1, 48.9, 58.1, 62.8, 53.4, 46.9, 50.6, 43.2, 35.9
341, 2010-12-08, 52.3, 55.9, 48.7, 57.9, 62.6, 53.2, 46.7, 50.4, 43, 36.1
342, 2010-12-09, 52.2, 55.8, 48.6, 57.7, 62.4, 53, 46.6, 50.3, 42.9, 36.2
343, 2010-12-10, 52, 55.6, 48.4, 57.6, 62.3, 52.9, 46.5, 50.3, 42.7, 36.4
344, 2010-12-11, 51.9, 55.5, 48.3, 57.4, 62.1, 52.7, 46.4, 50.2, 42.6, 36.5
345, 2010-12-12, 51.8, 55.5, 48.1, 57.3, 62, 52.6, 46.3, 50.1, 42.5, 36.6
346, 2010-12-13, 51.7, 55.4, 48, 57.2, 61.9, 52.5, 46.2, 50.1, 42.3, 36.7
347, 2010-12-14, 51.6, 55.3, 47.9, 57, 61.7, 52.3, 46.1, 50, 42.2, 36.7
348, 2010-12-15, 51.5, 55.2, 47.8, 56.9, 61.6, 52.2, 46, 49.9, 42.1, 36.7
349, 2010-12-16, 51.4, 55.2, 47.6, 56.8, 61.5, 52.1, 45.9, 49.9, 41.9, 36.8
350, 2010-12-17, 51.3, 55.1, 47.5, 56.7, 61.4, 52, 45.8, 49.8, 41.8, 36.8
351, 2010-12-18, 51.2, 55, 47.4, 56.6, 61.3, 51.9, 45.7, 49.7, 41.7, 36.8
352, 2010-12-19, 51.1, 54.9, 47.3, 56.5, 61.2, 51.8, 45.7, 49.7, 41.7, 36.9
353, 2010-12-20, 51, 54.8, 47.2, 56.5, 61.2, 51.8, 45.6, 49.6, 41.6, 36.9
354, 2010-12-21, 51, 54.8, 47.2, 56.4, 61.1, 51.7, 45.5, 49.5, 41.5, 36.9
355, 2010-12-22, 50.9, 54.7, 47.1, 56.3, 61, 51.6, 45.5, 49.6, 41.4, 36.9
356, 2010-12-23, 50.8, 54.6, 47, 56.3, 61, 51.6, 45.4, 49.5, 41.3, 36.9
357, 2010-12-24, 50.8, 54.7, 46.9, 56.2, 60.9, 51.5, 45.4, 49.5, 41.3, 36.9
358, 2010-12-25, 50.8, 54.7, 46.9, 56.2, 60.9, 51.5, 45.3, 49.4, 41.2, 36.9
359, 2010-12-26, 50.7, 54.6, 46.8, 56.1, 60.9, 51.3, 45.3, 49.4, 41.2, 37
360, 2010-12-27, 50.7, 54.6, 46.8, 56.1, 60.9, 51.3, 45.3, 49.4, 41.2, 37.1
361, 2010-12-28, 50.7, 54.6, 46.8, 56.1, 60.9, 51.3, 45.3, 49.4, 41.2, 37.2
362, 2010-12-29, 50.6, 54.5, 46.7, 56, 60.8, 51.2, 45.2, 49.3, 41.1, 37.3
363, 2010-12-30, 50.6, 54.5, 46.7, 56, 60.8, 51.2, 45.2, 49.3, 41.1, 37.3
364, 2010-12-31, 50.6, 54.5, 46.7, 56, 60.8, 51.2, 45.2, 49.3, 41.1, 37.3
