day, date, avg, avgh, avgl, hi, hih, hil, lo, loh, lol, precip
0, 2010-01-01, 50.3, 54.3, 46.3, 55.9, 60.4, 51.4, 44.7, 49.9, 39.5, 36.6
1, 2010-01-02, 50.3, 54.3, 46.3, 55.9, 60.4, 51.4, 44.7, 49.9, 39.5, 36.5
2, 2010-01-03, 50.3, 54.3, 46.3, 55.9, 60.4, 51.4, 44.7, 49.9, 39.5, 36.4
3, 2010-01-04, 50.3, 54.2, 46.4, 55.9, 60.4, 51.4, 44.7, 49.8, 39.6, 36.3
4, 2010-01-05, 50.3, 54.2, 46.4, 56, 60.5, 51.5, 44.7, 49.8, 39.6, 36.2
5, 2010-01-06, 50.3, 54.2, 46.4, 56, 60.5, 51.5, 44.7, 49.8, 39.6, 36.1
6, 2010-01-07, 50.4, 54.3, 46.5, 56, 60.5, 51.5, 44.7, 49.8, 39.6, 36
7, 2010-01-08, 50.4, 54.2, 46.6, 56.1, 60.6, 51.6, 44.7, 49.8, 39.6, 35.9
8, 2010-01-09, 50.4, 54.2, 46.6, 56.1, 60.6, 51.6, 44.7, 49.8, 39.6, 35.8
9, 2010-01-10, 50.4, 54.2, 46.6, 56.2, 60.7, 51.7, 44.7, 49.8, 39.6, 35.7
10, 2010-01-11, 50.5, 54.2, 46.8, 56.2, 60.7, 51.7, 44.8, 49.8, 39.8, 35.7
11, 2010-01-12, 50.5, 54.2, 46.8, 56.3, 60.7, 51.9, 44.8, 49.8, 39.8, 35.6
12, 2010-01-13, 50.6, 54.3, 46.9, 56.3, 60.7, 51.9, 44.8, 49.8, 39.8, 35.6
13, 2010-01-14, 50.6, 54.3, 46.9, 56.4, 60.8, 52, 44.8, 49.7, 39.9, 35.6
14, 2010-01-15, 50.7, 54.3, 47.1, 56.4, 60.8, 52, 44.9, 49.8, 40, 35.7
15, 2010-01-16, 50.7, 54.3, 47.1, 56.5, 60.9, 52.1, 44.9, 49.8, 40, 35.7
16, 2010-01-17, 50.8, 54.4, 47.2, 56.6, 61, 52.2, 44.9, 49.8, 40, 35.7
17, 2010-01-18, 50.8, 54.4, 47.2, 56.6, 61, 52.2, 45, 49.8, 40.2, 35.8
18, 2010-01-19, 50.9, 54.4, 47.4, 56.7, 61.1, 52.3, 45, 49.8, 40.2, 35.9
19, 2010-01-20, 50.9, 54.4, 47.4, 56.8, 61.2, 52.4, 45.1, 49.9, 40.3, 36
20, 2010-01-21, 51, 54.5, 47.5, 56.9, 61.3, 52.5, 45.1, 49.8, 40.4, 36.2
21, 2010-01-22, 51, 54.5, 47.5, 56.9, 61.4, 52.4, 45.2, 49.9, 40.5, 36.4
22, 2010-01-23, 51.1, 54.6, 47.6, 57, 61.5, 52.5, 45.2, 49.8, 40.6, 36.5
23, 2010-01-24, 51.2, 54.6, 47.8, 57.1, 61.6, 52.6, 45.3, 49.9, 40.7, 36.5
24, 2010-01-25, 51.2, 54.6, 47.8, 57.2, 61.7, 52.7, 45.3, 49.9, 40.7, 36.6
25, 2010-01-26, 51.3, 54.7, 47.9, 57.3, 61.8, 52.8, 45.4, 49.9, 40.9, 36.6
26, 2010-01-27, 51.4, 54.8, 48, 57.3, 61.8, 52.8, 45.4, 49.9, 40.9, 36.7
27, 2010-01-28, 51.5, 54.9, 48.1, 57.4, 61.9, 52.9, 45.5, 50, 41, 36.8
28, 2010-01-29, 51.5, 54.9, 48.1, 57.5, 62, 53, 45.5, 50, 41, 36.9
29, 2010-01-30, 51.6, 55, 48.2, 57.6, 62.1, 53.1, 45.6, 50.1, 41.1, 37
30, 2010-01-31, 51.7, 55.1, 48.3, 57.7, 62.2, 53.2, 45.7, 50.2, 41.2, 37.1
31, 2010-02-01, 51.7, 55.2, 48.2, 57.8, 62.3, 53.3, 45.7, 50.1, 41.3, 37.2
32, 2010-02-02, 51.8, 55.3, 48.3, 57.8, 62.3, 53.3, 45.8, 50.2, 41.4, 37.4
33, 2010-02-03, 51.9, 55.4, 48.4, 57.9, 62.5, 53.3, 45.8, 50.2, 41.4, 37.6
34, 2010-02-04, 52, 55.5, 48.5, 58, 62.6, 53.4, 45.9, 50.3, 41.5, 37.8
35, 2010-02-05, 52, 55.5, 48.5, 58.1, 62.7, 53.5, 46, 50.4, 41.6, 38
36, 2010-02-06, 52.1, 55.6, 48.6, 58.2, 62.8, 53.6, 46, 50.4, 41.6, 38.3
37, 2010-02-07, 52.2, 55.7, 48.7, 58.2, 62.9, 53.5, 46.1, 50.5, 41.7, 38.5
38, 2010-02-08, 52.2, 55.8, 48.6, 58.3, 63, 53.6, 46.2, 50.6, 41.8, 38.7
39, 2010-02-09, 52.3, 55.9, 48.7, 58.4, 63.1, 53.7, 46.2, 50.6, 41.8, 38.9
40, 2010-02-10, 52.4, 56, 48.8, 58.4, 63.2, 53.6, 46.3, 50.7, 41.9, 39.1
41, 2010-02-11, 52.4, 56, 48.8, 58.5, 63.3, 53.7, 46.3, 50.7, 41.9, 39.3
42, 2010-02-12, 52.5, 56.1, 48.9, 58.6, 63.5, 53.7, 46.4, 50.8, 42, 39.4
43, 2010-02-13, 52.5, 56.1, 48.9, 58.6, 63.5, 53.7, 46.5, 50.8, 42.2, 39.5
44, 2010-02-14, 52.6, 56.2, 49, 58.7, 63.6, 53.8, 46.5, 50.8, 42.2, 39.6
45, 2010-02-15, 52.7, 56.3, 49.1, 58.7, 63.7, 53.7, 46.6, 50.9, 42.3, 39.6
46, 2010-02-16, 52.7, 56.3, 49.1, 58.8, 63.8, 53.8, 46.6, 50.9, 42.3, 39.6
47, 2010-02-17, 52.7, 56.3, 49.1, 58.8, 63.9, 53.7, 46.7, 51, 42.4, 39.6
48, 2010-02-18, 52.8, 56.4, 49.2, 58.9, 64, 53.8, 46.7, 51, 42.4, 39.6
49, 2010-02-19, 52.8, 56.5, 49.1, 58.9, 64, 53.8, 46.8, 51.1, 42.5, 39.4
50, 2010-02-20, 52.9, 56.6, 49.2, 58.9, 64.1, 53.7, 46.8, 51.1, 42.5, 39.2
51, 2010-02-21, 52.9, 56.6, 49.2, 59, 64.2, 53.8, 46.9, 51.3, 42.5, 39
52, 2010-02-22, 53, 56.7, 49.3, 59, 64.2, 53.8, 46.9, 51.3, 42.5, 38.8
53, 2010-02-23, 53, 56.7, 49.3, 59, 64.2, 53.8, 46.9, 51.3, 42.5, 38.6
54, 2010-02-24, 53, 56.7, 49.3, 59, 64.2, 53.8, 47, 51.4, 42.6, 38.3
55, 2010-02-25, 53, 56.7, 49.3, 59.1, 64.3, 53.9, 47, 51.4, 42.6, 38.1
56, 2010-02-26, 53.1, 56.8, 49.4, 59.1, 64.3, 53.9, 47.1, 51.5, 42.7, 37.9
57, 2010-02-27, 53.1, 56.8, 49.4, 59.1, 64.3, 53.9, 47.1, 51.5, 42.7, 37.6
58, 2010-02-28, 53.1, 56.8, 49.4, 59.1, 64.3, 53.9, 47.1, 51.5, 42.7, 37.2
59, 2010-03-01, 53.1, 56.8, 49.4, 59.1, 64.3, 53.9, 47.1, 51.5, 42.7, 36.5
60, 2010-03-02, 53.1, 56.8, 49.4, 59.1, 64.3, 53.9, 47.2, 51.6, 42.8, 36.1
61, 2010-03-03, 53.2, 56.9, 49.5, 59.1, 64.3, 53.9, 47.2, 51.6, 42.8, 35.6
62, 2010-03-04, 53.2, 56.9, 49.5, 59.1, 64.3, 53.9, 47.2, 51.6, 42.8, 35
63, 2010-03-05, 53.2, 56.9, 49.5, 59.1, 64.3, 53.9, 47.2, 51.6, 42.8, 34.4
64, 2010-03-06, 53.2, 56.8, 49.6, 59.1, 64.3, 53.9, 47.3, 51.6, 43, 33.8
65, 2010-03-07, 53.2, 56.8, 49.6, 59.1, 64.2, 54, 47.3, 51.6, 43, 33.2
66, 2010-03-08, 53.2, 56.8, 49.6, 59.1, 64.2, 54, 47.3, 51.6, 43, 32.5
67, 2010-03-09, 53.2, 56.8, 49.6, 59.1, 64.2, 54, 47.3, 51.6, 43, 31.9
68, 2010-03-10, 53.2, 56.8, 49.6, 59.1, 64.2, 54, 47.4, 51.7, 43.1, 31.3
69, 2010-03-11, 53.2, 56.8, 49.6, 59.1, 64.2, 54, 47.4, 51.7, 43.1, 30.6
70, 2010-03-12, 53.2, 56.8, 49.6, 59, 64.1, 53.9, 47.4, 51.7, 43.1, 30
71, 2010-03-13, 53.2, 56.8, 49.6, 59, 64.1, 53.9, 47.4, 51.7, 43.1, 29.3
72, 2010-03-14, 53.2, 56.8, 49.6, 59, 64.1, 53.9, 47.4, 51.6, 43.2, 28.7
73, 2010-03-15, 53.2, 56.8, 49.6, 59, 64.1, 53.9, 47.5, 51.7, 43.3, 28.1
74, 2010-03-16, 53.2, 56.8, 49.6, 59, 64.1, 53.9, 47.5, 51.7, 43.3, 27.5
75, 2010-03-17, 53.2, 56.8, 49.6, 59, 64.1, 53.9, 47.5, 51.7, 43.3, 26.8
76, 2010-03-18, 53.2, 56.8, 49.6, 59, 64.1, 53.9, 47.5, 51.7, 43.3, 26.2
77, 2010-03-19, 53.2, 56.8, 49.6, 59, 64.1, 53.9, 47.5, 51.7, 43.3, 25.6
78, 2010-03-20, 53.3, 56.9, 49.7, 58.9, 64, 53.8, 47.6, 51.8, 43.4, 25.1
79, 2010-03-21, 53.3, 56.9, 49.7, 58.9, 64, 53.8, 47.6, 51.7, 43.5, 24.6
80, 2010-03-22, 53.3, 56.9, 49.7, 58.9, 64, 53.8, 47.6, 51.7, 43.5, 24.1
81, 2010-03-23, 53.3, 56.8, 49.8, 58.9, 64, 53.8, 47.7, 51.8, 43.6, 23.7
82, 2010-03-24, 53.3, 56.8, 49.8, 58.9, 64, 53.8, 47.7, 51.7, 43.7, 23.2
83, 2010-03-25, 53.3, 56.8, 49.8, 58.9, 64, 53.8, 47.7, 51.7, 43.7, 22.7
84, 2010-03-26, 53.3, 56.8, 49.8, 58.9, 64, 53.8, 47.7, 51.7, 43.7, 22.2
85, 2010-03-27, 53.3, 56.8, 49.8, 58.9, 64, 53.8, 47.8, 51.8, 43.8, 21.8
86, 2010-03-28, 53.4, 56.9, 49.9, 58.9, 64, 53.8, 47.8, 51.7, 43.9, 21.4
87, 2010-03-29, 53.4, 56.9, 49.9, 58.9, 64, 53.8, 47.9, 51.8, 44, 21
88, 2010-03-30, 53.4, 56.9, 49.9, 58.9, 64, 53.8, 47.9, 51.8, 44, 20.6
89, 2010-03-31, 53.4, 56.8, 50, 58.9, 64, 53.8, 47.9, 51.7, 44.1, 20.2
90, 2010-04-01, 53.5, 56.9, 50.1, 58.9, 64, 53.8, 48, 51.8, 44.2, 19.9
91, 2010-04-02, 53.5, 56.9, 50.1, 58.9, 64, 53.8, 48, 51.8, 44.2, 19.6
92, 2010-04-03, 53.5, 56.9, 50.1, 58.9, 64, 53.8, 48.1, 51.9, 44.3, 19.4
93, 2010-04-04, 53.5, 56.9, 50.1, 59, 64.2, 53.8, 48.1, 51.8, 44.4, 19.2
94, 2010-04-05, 53.6, 57, 50.2, 59, 64.2, 53.8, 48.2, 51.9, 44.5, 19
95, 2010-04-06, 53.6, 57, 50.2, 59, 64.2, 53.8, 48.2, 51.9, 44.5, 18.8
96, 2010-04-07, 53.6, 57, 50.2, 59, 64.2, 53.8, 48.3, 52, 44.6, 18.7
97, 2010-04-08, 53.7, 57.1, 50.3, 59, 64.2, 53.8, 48.3, 52, 44.6, 18.5
98, 2010-04-09, 53.7, 57.1, 50.3, 59, 64.2, 53.8, 48.4, 52.1, 44.7, 18.4
99, 2010-04-10, 53.7, 57.1, 50.3, 59, 64.2, 53.8, 48.5, 52.2, 44.8, 18.2
100, 2010-04-11, 53.8, 57.2, 50.4, 59, 64.2, 53.8, 48.5, 52.1, 44.9, 18.1
101, 2010-04-12, 53.8, 57.2, 50.4, 59.1, 64.4, 53.8, 48.6, 52.2, 45, 18
102, 2010-04-13, 53.9, 57.3, 50.5, 59.1, 64.4, 53.8, 48.6, 52.2, 45, 17.8
103, 2010-04-14, 53.9, 57.3, 50.5, 59.1, 64.4, 53.8, 48.7, 52.3, 45.1, 17.7
104, 2010-04-15, 53.9, 57.3, 50.5, 59.1, 64.3, 53.9, 48.8, 52.4, 45.2, 17.6
105, 2010-04-16, 54, 57.4, 50.6, 59.1, 64.3, 53.9, 48.8, 52.4, 45.2, 17.5
106, 2010-04-17, 54, 57.4, 50.6, 59.1, 64.3, 53.9, 48.9, 52.4, 45.4, 17.4
107, 2010-04-18, 54, 57.4, 50.6, 59.1, 64.3, 53.9, 48.9, 52.4, 45.4, 17.3
108, 2010-04-19, 54.1, 57.5, 50.7, 59.2, 64.4, 54, 49, 52.5, 45.5, 17.1
109, 2010-04-20, 54.1, 57.4, 50.8, 59.2, 64.3, 54.1, 49.1, 52.6, 45.6, 17
110, 2010-04-21, 54.2, 57.5, 50.9, 59.2, 64.3, 54.1, 49.1, 52.6, 45.6, 16.8
111, 2010-04-22, 54.2, 57.5, 50.9, 59.2, 64.3, 54.1, 49.2, 52.7, 45.7, 16.7
112, 2010-04-23, 54.2, 57.5, 50.9, 59.2, 64.2, 54.2, 49.2, 52.7, 45.7, 16.6
113, 2010-04-24, 54.3, 57.6, 51, 59.2, 64.2, 54.2, 49.3, 52.8, 45.8, 16.4
114, 2010-04-25, 54.3, 57.6, 51, 59.2, 64.2, 54.2, 49.4, 52.9, 45.9, 16.2
115, 2010-04-26, 54.3, 57.5, 51.1, 59.2, 64.1, 54.3, 49.4, 52.9, 45.9, 16.1
116, 2010-04-27, 54.4, 57.6, 51.2, 59.2, 64.1, 54.3, 49.5, 52.9, 46.1, 15.9
117, 2010-04-28, 54.4, 57.6, 51.2, 59.2, 64, 54.4, 49.5, 52.9, 46.1, 15.7
118, 2010-04-29, 54.4, 57.6, 51.2, 59.2, 64, 54.4, 49.6, 53, 46.2, 15.6
119, 2010-04-30, 54.5, 57.7, 51.3, 59.3, 64, 54.6, 49.7, 53.1, 46.3, 15.4
120, 2010-05-01, 54.5, 57.6, 51.4, 59.3, 64, 54.6, 49.7, 53.1, 46.3, 15.2
121, 2010-05-02, 54.5, 57.6, 51.4, 59.3, 63.9, 54.7, 49.8, 53.2, 46.4, 15
122, 2010-05-03, 54.6, 57.7, 51.5, 59.3, 63.9, 54.7, 49.8, 53.2, 46.4, 14.8
123, 2010-05-04, 54.6, 57.7, 51.5, 59.3, 63.8, 54.8, 49.9, 53.3, 46.5, 14.5
124, 2010-05-05, 54.6, 57.6, 51.6, 59.3, 63.8, 54.8, 50, 53.4, 46.6, 14.2
125, 2010-05-06, 54.7, 57.7, 51.7, 59.3, 63.8, 54.8, 50, 53.3, 46.7, 13.9
126, 2010-05-07, 54.7, 57.7, 51.7, 59.3, 63.7, 54.9, 50.1, 53.4, 46.8, 13.6
127, 2010-05-08, 54.7, 57.7, 51.7, 59.3, 63.7, 54.9, 50.1, 53.4, 46.8, 13.3
128, 2010-05-09, 54.7, 57.6, 51.8, 59.3, 63.6, 55, 50.2, 53.5, 46.9, 12.9
129, 2010-05-10, 54.8, 57.7, 51.9, 59.3, 63.6, 55, 50.2, 53.5, 46.9, 12.6
130, 2010-05-11, 54.8, 57.7, 51.9, 59.3, 63.5, 55.1, 50.3, 53.6, 47, 12.4
131, 2010-05-12, 54.9, 57.8, 52, 59.4, 63.6, 55.2, 50.4, 53.6, 47.2, 12.1
132, 2010-05-13, 54.9, 57.7, 52.1, 59.4, 63.5, 55.3, 50.4, 53.6, 47.2, 11.8
133, 2010-05-14, 54.9, 57.7, 52.1, 59.4, 63.5, 55.3, 50.5, 53.7, 47.3, 11.5
134, 2010-05-15, 55, 57.8, 52.2, 59.4, 63.4, 55.4, 50.5, 53.7, 47.3, 11.2
135, 2010-05-16, 55, 57.8, 52.2, 59.4, 63.4, 55.4, 50.6, 53.8, 47.4, 10.9
136, 2010-05-17, 55, 57.7, 52.3, 59.4, 63.4, 55.4, 50.6, 53.8, 47.4, 10.6
137, 2010-05-18, 55.1, 57.8, 52.4, 59.5, 63.4, 55.6, 50.7, 53.8, 47.6, 10.3
138, 2010-05-19, 55.1, 57.8, 52.4, 59.5, 63.4, 55.6, 50.8, 53.9, 47.7, 10
139, 2010-05-20, 55.2, 57.9, 52.5, 59.5, 63.4, 55.6, 50.8, 53.9, 47.7, 9.8
140, 2010-05-21, 55.2, 57.9, 52.5, 59.6, 63.5, 55.7, 50.9, 54, 47.8, 9.5
141, 2010-05-22, 55.3, 57.9, 52.7, 59.6, 63.5, 55.7, 50.9, 54, 47.8, 9.2
142, 2010-05-23, 55.3, 57.9, 52.7, 59.6, 63.5, 55.7, 51, 54, 48, 8.9
143, 2010-05-24, 55.4, 58, 52.8, 59.7, 63.6, 55.8, 51.1, 54.1, 48.1, 8.6
144, 2010-05-25, 55.4, 58, 52.8, 59.7, 63.6, 55.8, 51.1, 54.1, 48.1, 8.3
145, 2010-05-26, 55.5, 58.1, 52.9, 59.8, 63.7, 55.9, 51.2, 54.2, 48.2, 8
146, 2010-05-27, 55.5, 58.1, 52.9, 59.8, 63.7, 55.9, 51.3, 54.2, 48.4, 7.7
147, 2010-05-28, 55.6, 58.2, 53, 59.8, 63.7, 55.9, 51.3, 54.2, 48.4, 7.4
148, 2010-05-29, 55.6, 58.2, 53, 59.9, 63.8, 56, 51.4, 54.3, 48.5, 7.1
149, 2010-05-30, 55.7, 58.3, 53.1, 59.9, 63.8, 56, 51.5, 54.4, 48.6, 6.8
150, 2010-05-31, 55.8, 58.3, 53.3, 60, 63.9, 56.1, 51.5, 54.3, 48.7, 6.5
151, 2010-06-01, 55.8, 58.3, 53.3, 60.1, 64, 56.2, 51.6, 54.4, 48.8, 6.3
152, 2010-06-02, 55.9, 58.4, 53.4, 60.1, 64, 56.2, 51.7, 54.5, 48.9, 6
153, 2010-06-03, 55.9, 58.4, 53.4, 60.2, 64.1, 56.3, 51.7, 54.5, 48.9, 5.8
154, 2010-06-04, 56, 58.5, 53.5, 60.2, 64.1, 56.3, 51.8, 54.6, 49, 5.6
155, 2010-06-05, 56.1, 58.6, 53.6, 60.3, 64.2, 56.4, 51.9, 54.6, 49.2, 5.4
156, 2010-06-06, 56.1, 58.6, 53.6, 60.3, 64.2, 56.4, 51.9, 54.6, 49.2, 5.2
157, 2010-06-07, 56.2, 58.7, 53.7, 60.4, 64.3, 56.5, 52, 54.7, 49.3, 5
158, 2010-06-08, 56.3, 58.8, 53.8, 60.5, 64.4, 56.6, 52.1, 54.8, 49.4, 4.8
159, 2010-06-09, 56.3, 58.8, 53.8, 60.5, 64.4, 56.6, 52.1, 54.8, 49.4, 4.6
160, 2010-06-10, 56.4, 58.9, 53.9, 60.6, 64.5, 56.7, 52.2, 54.8, 49.6, 4.4
161, 2010-06-11, 56.4, 58.9, 53.9, 60.6, 64.5, 56.7, 52.3, 54.9, 49.7, 4.2
162, 2010-06-12, 56.5, 59, 54, 60.7, 64.6, 56.8, 52.3, 54.9, 49.7, 4
163, 2010-06-13, 56.6, 59.1, 54.1, 60.7, 64.6, 56.8, 52.4, 55, 49.8, 3.8
164, 2010-06-14, 56.6, 59.1, 54.1, 60.8, 64.7, 56.9, 52.4, 55, 49.8, 3.7
165, 2010-06-15, 56.7, 59.2, 54.2, 60.8, 64.7, 56.9, 52.5, 55.1, 49.9, 3.5
166, 2010-06-16, 56.7, 59.2, 54.2, 60.9, 64.8, 57, 52.6, 55.2, 50, 3.4
167, 2010-06-17, 56.8, 59.3, 54.3, 60.9, 64.8, 57, 52.6, 55.1, 50.1, 3.2
168, 2010-06-18, 56.8, 59.3, 54.3, 61, 64.9, 57.1, 52.7, 55.2, 50.2, 3.1
169, 2010-06-19, 56.9, 59.4, 54.4, 61, 64.9, 57.1, 52.7, 55.2, 50.2, 2.9
170, 2010-06-20, 56.9, 59.4, 54.4, 61.1, 65, 57.2, 52.8, 55.3, 50.3, 2.8
171, 2010-06-21, 57, 59.5, 54.5, 61.1, 65, 57.2, 52.8, 55.3, 50.3, 2.7
172, 2010-06-22, 57, 59.5, 54.5, 61.1, 65, 57.2, 52.9, 55.4, 50.4, 2.6
173, 2010-06-23, 57.1, 59.6, 54.6, 61.2, 65.2, 57.2, 53, 55.4, 50.6, 2.6
174, 2010-06-24, 57.1, 59.6, 54.6, 61.2, 65.2, 57.2, 53, 55.4, 50.6, 2.5
175, 2010-06-25, 57.1, 59.6, 54.6, 61.2, 65.2, 57.2, 53.1, 55.5, 50.7, 2.4
176, 2010-06-26, 57.2, 59.7, 54.7, 61.2, 65.2, 57.2, 53.1, 55.5, 50.7, 2.4
177, 2010-06-27, 57.2, 59.7, 54.7, 61.3, 65.3, 57.3, 53.1, 55.5, 50.7, 2.3
178, 2010-06-28, 57.2, 59.8, 54.6, 61.3, 65.3, 57.3, 53.2, 55.6, 50.8, 2.3
179, 2010-06-29, 57.3, 59.9, 54.7, 61.3, 65.3, 57.3, 53.2, 55.6, 50.8, 2.2
180, 2010-06-30, 57.3, 59.9, 54.7, 61.3, 65.3, 57.3, 53.3, 55.7, 50.9, 2.1
181, 2010-07-01, 57.3, 59.9, 54.7, 61.3, 65.3, 57.3, 53.3, 55.7, 50.9, 2
182, 2010-07-02, 57.4, 60, 54.8, 61.3, 65.3, 57.3, 53.4, 55.8, 51, 1.9
183, 2010-07-03, 57.4, 60, 54.8, 61.4, 65.4, 57.4, 53.4, 55.8, 51, 1.8
184, 2010-07-04, 57.4, 60, 54.8, 61.4, 65.4, 57.4, 53.5, 55.9, 51.1, 1.8
185, 2010-07-05, 57.4, 60, 54.8, 61.4, 65.4, 57.4, 53.5, 55.9, 51.1, 1.7
186, 2010-07-06, 57.5, 60.1, 54.9, 61.4, 65.4, 57.4, 53.5, 55.9, 51.1, 1.6
187, 2010-07-07, 57.5, 60.1, 54.9, 61.4, 65.3, 57.5, 53.6, 56, 51.2, 1.6
188, 2010-07-08, 57.5, 60.1, 54.9, 61.4, 65.3, 57.5, 53.6, 56, 51.2, 1.5
189, 2010-07-09, 57.5, 60.1, 54.9, 61.4, 65.3, 57.5, 53.7, 56.2, 51.2, 1.4
190, 2010-07-10, 57.6, 60.2, 55, 61.4, 65.3, 57.5, 53.7, 56.2, 51.2, 1.4
191, 2010-07-11, 57.6, 60.2, 55, 61.4, 65.3, 57.5, 53.8, 56.3, 51.3, 1.3
192, 2010-07-12, 57.6, 60.1, 55.1, 61.4, 65.3, 57.5, 53.8, 56.3, 51.3, 1.3
193, 2010-07-13, 57.6, 60.1, 55.1, 61.4, 65.2, 57.6, 53.8, 56.3, 51.3, 1.2
194, 2010-07-14, 57.7, 60.2, 55.2, 61.4, 65.2, 57.6, 53.9, 56.4, 51.4, 1.2
195, 2010-07-15, 57.7, 60.2, 55.2, 61.4, 65.2, 57.6, 53.9, 56.4, 51.4, 1.2
196, 2010-07-16, 57.7, 60.2, 55.2, 61.4, 65.2, 57.6, 54, 56.5, 51.5, 1.1
197, 2010-07-17, 57.7, 60.2, 55.2, 61.4, 65.1, 57.7, 54, 56.5, 51.5, 1.1
198, 2010-07-18, 57.8, 60.3, 55.3, 61.5, 65.2, 57.8, 54.1, 56.6, 51.6, 1.1
199, 2010-07-19, 57.8, 60.3, 55.3, 61.5, 65.2, 57.8, 54.1, 56.6, 51.6, 1.1
200, 2010-07-20, 57.8, 60.3, 55.3, 61.5, 65.2, 57.8, 54.2, 56.7, 51.7, 1.1
201, 2010-07-21, 57.9, 60.4, 55.4, 61.5, 65.1, 57.9, 54.2, 56.7, 51.7, 1
202, 2010-07-22, 57.9, 60.3, 55.5, 61.5, 65.1, 57.9, 54.3, 56.8, 51.8, 1
203, 2010-07-23, 57.9, 60.3, 55.5, 61.6, 65.2, 58, 54.3, 56.8, 51.8, 1
204, 2010-07-24, 58, 60.4, 55.6, 61.6, 65.2, 58, 54.4, 56.9, 51.9, 1
205, 2010-07-25, 58, 60.4, 55.6, 61.6, 65.2, 58, 54.4, 56.9, 51.9, 1
206, 2010-07-26, 58.1, 60.5, 55.7, 61.7, 65.3, 58.1, 54.5, 57, 52, 1
207, 2010-07-27, 58.1, 60.5, 55.7, 61.7, 65.2, 58.2, 54.5, 57, 52, 1
208, 2010-07-28, 58.2, 60.6, 55.8, 61.7, 65.2, 58.2, 54.6, 57.1, 52.1, 1
209, 2010-07-29, 58.2, 60.6, 55.8, 61.8, 65.3, 58.3, 54.6, 57.1, 52.1, 1
210, 2010-07-30, 58.3, 60.7, 55.9, 61.8, 65.3, 58.3, 54.7, 57.2, 52.2, 1
211, 2010-07-31, 58.3, 60.7, 55.9, 61.9, 65.4, 58.4, 54.7, 57.2, 52.2, 1.1
212, 2010-08-01, 58.4, 60.8, 56, 61.9, 65.4, 58.4, 54.8, 57.3, 52.3, 1.1
213, 2010-08-02, 58.4, 60.8, 56, 62, 65.5, 58.5, 54.8, 57.3, 52.3, 1.1
214, 2010-08-03, 58.5, 60.9, 56.1, 62, 65.5, 58.5, 54.9, 57.4, 52.4, 1.2
215, 2010-08-04, 58.5, 61, 56, 62.1, 65.6, 58.6, 54.9, 57.4, 52.4, 1.2
216, 2010-08-05, 58.6, 61.1, 56.1, 62.2, 65.8, 58.6, 55, 57.5, 52.5, 1.3
217, 2010-08-06, 58.6, 61.1, 56.1, 62.2, 65.8, 58.6, 55, 57.5, 52.5, 1.3
218, 2010-08-07, 58.7, 61.2, 56.2, 62.3, 65.9, 58.7, 55.1, 57.6, 52.6, 1.4
219, 2010-08-08, 58.7, 61.2, 56.2, 62.3, 66, 58.6, 55.1, 57.6, 52.6, 1.4
220, 2010-08-09, 58.8, 61.4, 56.2, 62.4, 66.1, 58.7, 55.2, 57.7, 52.7, 1.5
221, 2010-08-10, 58.8, 61.4, 56.2, 62.5, 66.2, 58.8, 55.2, 57.8, 52.6, 1.5
222, 2010-08-11, 58.9, 61.5, 56.3, 62.5, 66.3, 58.7, 55.3, 57.9, 52.7, 1.6
223, 2010-08-12, 58.9, 61.6, 56.2, 62.6, 66.4, 58.8, 55.3, 57.9, 52.7, 1.6
224, 2010-08-13, 59, 61.7, 56.3, 62.7, 66.6, 58.8, 55.3, 57.9, 52.7, 1.7
225, 2010-08-14, 59, 61.7, 56.3, 62.7, 66.6, 58.8, 55.4, 58, 52.8, 1.7
226, 2010-08-15, 59.1, 61.9, 56.3, 62.8, 66.8, 58.8, 55.4, 58.1, 52.7, 1.7
227, 2010-08-16, 59.1, 61.9, 56.3, 62.8, 66.8, 58.8, 55.4, 58.1, 52.7, 1.7
228, 2010-08-17, 59.2, 62, 56.4, 62.9, 66.9, 58.9, 55.4, 58.1, 52.7, 1.8
229, 2010-08-18, 59.2, 62.1, 56.3, 63, 67.1, 58.9, 55.5, 58.3, 52.7, 1.8
230, 2010-08-19, 59.2, 62.1, 56.3, 63, 67.1, 58.9, 55.5, 58.3, 52.7, 1.9
231, 2010-08-20, 59.3, 62.2, 56.4, 63.1, 67.3, 58.9, 55.5, 58.3, 52.7, 1.9
232, 2010-08-21, 59.3, 62.2, 56.4, 63.1, 67.3, 58.9, 55.5, 58.3, 52.7, 1.9
233, 2010-08-22, 59.3, 62.2, 56.4, 63.2, 67.4, 59, 55.5, 58.4, 52.6, 2
234, 2010-08-23, 59.4, 62.4, 56.4, 63.2, 67.5, 58.9, 55.5, 58.4, 52.6, 2
235, 2010-08-24, 59.4, 62.4, 56.4, 63.3, 67.6, 59, 55.5, 58.4, 52.6, 2
236, 2010-08-25, 59.4, 62.4, 56.4, 63.3, 67.7, 58.9, 55.5, 58.4, 52.6, 2.1
237, 2010-08-26, 59.4, 62.4, 56.4, 63.4, 67.8, 59, 55.5, 58.4, 52.6, 2.1
238, 2010-08-27, 59.4, 62.4, 56.4, 63.4, 67.8, 59, 55.5, 58.4, 52.6, 2.2
239, 2010-08-28, 59.4, 62.4, 56.4, 63.4, 67.9, 58.9, 55.5, 58.4, 52.6, 2.2
240, 2010-08-29, 59.5, 62.5, 56.5, 63.5, 68, 59, 55.5, 58.4, 52.6, 2.3
241, 2010-08-30, 59.5, 62.5, 56.5, 63.5, 68, 59, 55.4, 58.3, 52.5, 2.4
242, 2010-08-31, 59.5, 62.5, 56.5, 63.5, 68.1, 58.9, 55.4, 58.4, 52.4, 2.5
243, 2010-09-01, 59.5, 62.5, 56.5, 63.5, 68.1, 58.9, 55.4, 58.4, 52.4, 2.5
244, 2010-09-02, 59.5, 62.6, 56.4, 63.6, 68.3, 58.9, 55.4, 58.4, 52.4, 2.6
245, 2010-09-03, 59.5, 62.6, 56.4, 63.6, 68.3, 58.9, 55.3, 58.3, 52.3, 2.7
246, 2010-09-04, 59.5, 62.6, 56.4, 63.6, 68.3, 58.9, 55.3, 58.3, 52.3, 2.7
247, 2010-09-05, 59.4, 62.5, 56.3, 63.6, 68.4, 58.8, 55.3, 58.3, 52.3, 2.8
248, 2010-09-06, 59.4, 62.5, 56.3, 63.6, 68.4, 58.8, 55.2, 58.2, 52.2, 2.9
249, 2010-09-07, 59.4, 62.5, 56.3, 63.6, 68.5, 58.7, 55.2, 58.2, 52.2, 3
250, 2010-09-08, 59.4, 62.5, 56.3, 63.7, 68.6, 58.8, 55.2, 58.2, 52.2, 3
251, 2010-09-09, 59.4, 62.5, 56.3, 63.7, 68.6, 58.8, 55.1, 58.1, 52.1, 3.1
252, 2010-09-10, 59.4, 62.5, 56.3, 63.7, 68.7, 58.7, 55.1, 58.1, 52.1, 3.2
253, 2010-09-11, 59.4, 62.5, 56.3, 63.7, 68.7, 58.7, 55, 58, 52, 3.4
254, 2010-09-12, 59.4, 62.5, 56.3, 63.7, 68.8, 58.6, 55, 58, 52, 3.5
255, 2010-09-13, 59.3, 62.5, 56.1, 63.7, 68.9, 58.5, 54.9, 58, 51.8, 3.7
256, 2010-09-14, 59.3, 62.5, 56.1, 63.7, 68.9, 58.5, 54.9, 58, 51.8, 3.8
257, 2010-09-15, 59.3, 62.5, 56.1, 63.8, 69, 58.6, 54.8, 57.9, 51.7, 4
258, 2010-09-16, 59.3, 62.5, 56.1, 63.8, 69.1, 58.5, 54.8, 57.9, 51.7, 4.1
259, 2010-09-17, 59.3, 62.5, 56.1, 63.8, 69.2, 58.4, 54.8, 57.9, 51.7, 4.3
260, 2010-09-18, 59.3, 62.6, 56, 63.8, 69.2, 58.4, 54.7, 57.8, 51.6, 4.4
261, 2010-09-19, 59.2, 62.5, 55.9, 63.8, 69.3, 58.3, 54.7, 57.8, 51.6, 4.6
262, 2010-09-20, 59.2, 62.5, 55.9, 63.9, 69.5, 58.3, 54.6, 57.7, 51.5, 4.7
263, 2010-09-21, 59.2, 62.5, 55.9, 63.9, 69.5, 58.3, 54.6, 57.7, 51.5, 4.9
264, 2010-09-22, 59.2, 62.6, 55.8, 63.9, 69.6, 58.2, 54.5, 57.6, 51.4, 5.1
265, 2010-09-23, 59.2, 62.6, 55.8, 63.9, 69.7, 58.1, 54.5, 57.6, 51.4, 5.2
266, 2010-09-24, 59.2, 62.6, 55.8, 64, 69.8, 58.2, 54.4, 57.5, 51.3, 5.4
267, 2010-09-25, 59.2, 62.7, 55.7, 64, 69.9, 58.1, 54.4, 57.5, 51.3, 5.5
268, 2010-09-26, 59.2, 62.7, 55.7, 64, 70, 58, 54.3, 57.4, 51.2, 5.6
269, 2010-09-27, 59.2, 62.7, 55.7, 64.1, 70.1, 58.1, 54.3, 57.5, 51.1, 5.7
270, 2010-09-28, 59.1, 62.7, 55.5, 64.1, 70.2, 58, 54.2, 57.4, 51, 5.8
271, 2010-09-29, 59.1, 62.7, 55.5, 64.1, 70.3, 57.9, 54.2, 57.4, 51, 5.9
272, 2010-09-30, 59.1, 62.7, 55.5, 64.2, 70.4, 58, 54.1, 57.3, 50.9, 6.1
273, 2010-10-01, 59.1, 62.8, 55.4, 64.2, 70.5, 57.9, 54, 57.2, 50.8, 6.2
274, 2010-10-02, 59.1, 62.8, 55.4, 64.2, 70.5, 57.9, 54, 57.2, 50.8, 6.4
275, 2010-10-03, 59.1, 62.8, 55.4, 64.3, 70.7, 57.9, 53.9, 57.1, 50.7, 6.6
276, 2010-10-04, 59.1, 62.9, 55.3, 64.3, 70.8, 57.8, 53.9, 57.1, 50.7, 6.8
277, 2010-10-05, 59.1, 62.9, 55.3, 64.4, 70.9, 57.9, 53.8, 57, 50.6, 7
278, 2010-10-06, 59.1, 62.9, 55.3, 64.4, 71, 57.8, 53.8, 57, 50.6, 7.2
279, 2010-10-07, 59.1, 63, 55.2, 64.5, 71.1, 57.9, 53.7, 56.9, 50.5, 7.4
280, 2010-10-08, 59.1, 63, 55.2, 64.5, 71.2, 57.8, 53.6, 56.9, 50.3, 7.6
281, 2010-10-09, 59.1, 63, 55.2, 64.5, 71.2, 57.8, 53.6, 56.9, 50.3, 7.8
282, 2010-10-10, 59, 63, 55, 64.6, 71.4, 57.8, 53.5, 56.8, 50.2, 8
283, 2010-10-11, 59, 63, 55, 64.6, 71.4, 57.8, 53.4, 56.7, 50.1, 8.2
284, 2010-10-12, 59, 63, 55, 64.6, 71.5, 57.7, 53.4, 56.7, 50.1, 8.5
285, 2010-10-13, 59, 63.1, 54.9, 64.6, 71.5, 57.7, 53.3, 56.6, 50, 8.7
286, 2010-10-14, 58.9, 63, 54.8, 64.7, 71.7, 57.7, 53.2, 56.5, 49.9, 9
287, 2010-10-15, 58.9, 63, 54.8, 64.7, 71.7, 57.7, 53.1, 56.4, 49.8, 9.3
288, 2010-10-16, 58.9, 63.1, 54.7, 64.7, 71.7, 57.7, 53, 56.4, 49.6, 9.6
289, 2010-10-17, 58.8, 63, 54.6, 64.7, 71.8, 57.6, 52.9, 56.3, 49.5, 9.9
290, 2010-10-18, 58.8, 63, 54.6, 64.7, 71.8, 57.6, 52.9, 56.3, 49.5, 10.3
291, 2010-10-19, 58.7, 62.9, 54.5, 64.7, 71.8, 57.6, 52.8, 56.3, 49.3, 10.7
292, 2010-10-20, 58.7, 63, 54.4, 64.7, 71.8, 57.6, 52.7, 56.2, 49.2, 11.1
293, 2010-10-21, 58.6, 62.9, 54.3, 64.7, 71.8, 57.6, 52.5, 56.1, 48.9, 11.6
294, 2010-10-22, 58.5, 62.8, 54.2, 64.7, 71.8, 57.6, 52.4, 56, 48.8, 12
295, 2010-10-23, 58.5, 62.8, 54.2, 64.6, 71.6, 57.6, 52.3, 55.9, 48.7, 12.6
296, 2010-10-24, 58.4, 62.7, 54.1, 64.6, 71.6, 57.6, 52.2, 55.9, 48.5, 13.1
297, 2010-10-25, 58.3, 62.6, 54, 64.5, 71.5, 57.5, 52.1, 55.8, 48.4, 13.7
298, 2010-10-26, 58.2, 62.5, 53.9, 64.5, 71.5, 57.5, 52, 55.7, 48.3, 14.2
299, 2010-10-27, 58.1, 62.4, 53.8, 64.4, 71.4, 57.4, 51.8, 55.5, 48.1, 14.8
300, 2010-10-28, 58, 62.2, 53.8, 64.4, 71.3, 57.5, 51.7, 55.5, 47.9, 15.4
301, 2010-10-29, 57.9, 62.1, 53.7, 64.3, 71.2, 57.4, 51.6, 55.4, 47.8, 16
302, 2010-10-30, 57.8, 62, 53.6, 64.2, 71, 57.4, 51.4, 55.2, 47.6, 16.6
303, 2010-10-31, 57.7, 61.9, 53.5, 64.1, 70.9, 57.3, 51.3, 55.2, 47.4, 17.1
304, 2010-11-01, 57.6, 61.8, 53.4, 64, 70.8, 57.2, 51.1, 55, 47.2, 17.7
305, 2010-11-02, 57.4, 61.6, 53.2, 63.9, 70.6, 57.2, 51, 55, 47, 18.2
306, 2010-11-03, 57.3, 61.5, 53.1, 63.8, 70.4, 57.2, 50.8, 54.8, 46.8, 18.7
307, 2010-11-04, 57.2, 61.4, 53, 63.6, 70.2, 57, 50.7, 54.8, 46.6, 19.3
308, 2010-11-05, 57, 61.2, 52.8, 63.5, 70, 57, 50.5, 54.6, 46.4, 19.8
309, 2010-11-06, 56.9, 61, 52.8, 63.4, 69.8, 57, 50.3, 54.5, 46.1, 20.4
310, 2010-11-07, 56.7, 60.8, 52.6, 63.2, 69.6, 56.8, 50.2, 54.4, 46, 20.9
311, 2010-11-08, 56.5, 60.6, 52.4, 63.1, 69.4, 56.8, 50, 54.2, 45.8, 21.5
312, 2010-11-09, 56.4, 60.5, 52.3, 62.9, 69.1, 56.7, 49.9, 54.2, 45.6, 22.1
313, 2010-11-10, 56.2, 60.3, 52.1, 62.7, 68.9, 56.5, 49.7, 54, 45.4, 22.7
314, 2010-11-11, 56, 60, 52, 62.6, 68.7, 56.5, 49.5, 53.8, 45.2, 23.2
315, 2010-11-12, 55.9, 59.9, 51.9, 62.4, 68.4, 56.4, 49.3, 53.6, 45, 23.7
316, 2010-11-13, 55.7, 59.6, 51.8, 62.2, 68.1, 56.3, 49.2, 53.6, 44.8, 24.3
317, 2010-11-14, 55.5, 59.4, 51.6, 62, 67.8, 56.2, 49, 53.4, 44.6, 24.8
318, 2010-11-15, 55.3, 59.1, 51.5, 61.8, 67.5, 56.1, 48.8, 53.2, 44.4, 25.4
319, 2010-11-16, 55.1, 58.9, 51.3, 61.6, 67.2, 56, 48.7, 53.1, 44.3, 25.9
320, 2010-11-17, 55, 58.8, 51.2, 61.4, 66.9, 55.9, 48.5, 52.9, 44.1, 26.4
321, 2010-11-18, 54.8, 58.5, 51.1, 61.2, 66.6, 55.8, 48.4, 52.8, 44, 26.8
322, 2010-11-19, 54.6, 58.3, 50.9, 61, 66.3, 55.7, 48.2, 52.6, 43.8, 27.2
323, 2010-11-20, 54.4, 58.1, 50.7, 60.8, 66.1, 55.5, 48, 52.4, 43.6, 27.7
324, 2010-11-21, 54.2, 57.9, 50.5, 60.6, 65.8, 55.4, 47.9, 52.3, 43.5, 28.1
325, 2010-11-22, 54.1, 57.7, 50.5, 60.4, 65.5, 55.3, 47.7, 52.1, 43.3, 28.5
326, 2010-11-23, 53.9, 57.5, 50.3, 60.2, 65.3, 55.1, 47.6, 52, 43.2, 28.9
327, 2010-11-24, 53.7, 57.3, 50.1, 60, 65, 55, 47.4, 51.8, 43, 29.3
328, 2010-11-25, 53.5, 57.1, 49.9, 59.8, 64.7, 54.9, 47.3, 51.7, 42.9, 29.7
329, 2010-11-26, 53.4, 57, 49.8, 59.6, 64.4, 54.8, 47.1, 51.6, 42.6, 30
330, 2010-11-27, 53.2, 56.8, 49.6, 59.4, 64.2, 54.6, 47, 51.5, 42.5, 30.4
331, 2010-11-28, 53, 56.6, 49.4, 59.2, 63.9, 54.5, 46.9, 51.4, 42.4, 30.7
332, 2010-11-29, 52.9, 56.5, 49.3, 59, 63.7, 54.3, 46.7, 51.2, 42.2, 31.1
333, 2010-11-30, 52.7, 56.3, 49.1, 58.8, 63.4, 54.2, 46.6, 51.1, 42.1, 31.4
334, 2010-12-01, 52.6, 56.2, 49, 58.6, 63.2, 54, 46.5, 51, 42, 31.9
335, 2010-12-02, 52.4, 56, 48.8, 58.5, 63.1, 53.9, 46.4, 50.9, 41.9, 32.3
336, 2010-12-03, 52.3, 55.9, 48.7, 58.3, 62.8, 53.8, 46.2, 50.7, 41.7, 32.7
337, 2010-12-04, 52.1, 55.7, 48.5, 58.1, 62.6, 53.6, 46.1, 50.6, 41.6, 33.1
338, 2010-12-05, 52, 55.6, 48.4, 57.9, 62.3, 53.5, 46, 50.6, 41.4, 33.4
339, 2010-12-06, 51.9, 55.5, 48.3, 57.8, 62.2, 53.4, 45.9, 50.5, 41.3, 33.8
340, 2010-12-07, 51.7, 55.3, 48.1, 57.6, 62, 53.2, 45.8, 50.4, 41.2, 34.1
341, 2010-12-08, 51.6, 55.2, 48, 57.5, 61.9, 53.1, 45.7, 50.3, 41.1, 34.4
342, 2010-12-09, 51.5, 55.1, 47.9, 57.3, 61.7, 52.9, 45.6, 50.2, 41, 34.7
343, 2010-12-10, 51.4, 55, 47.8, 57.2, 61.5, 52.9, 45.6, 50.2, 41, 35
344, 2010-12-11, 51.3, 55, 47.6, 57.1, 61.4, 52.8, 45.5, 50.2, 40.8, 35.2
345, 2010-12-12, 51.2, 54.9, 47.5, 57, 61.3, 52.7, 45.4, 50.1, 40.7, 35.4
346, 2010-12-13, 51.1, 54.8, 47.4, 56.8, 61.1, 52.5, 45.3, 50, 40.6, 35.6
347, 2010-12-14, 51, 54.7, 47.3, 56.7, 61.1, 52.3, 45.3, 50, 40.6, 35.8
348, 2010-12-15, 50.9, 54.7, 47.1, 56.6, 61, 52.2, 45.2, 50, 40.4, 35.9
349, 2010-12-16, 50.8, 54.6, 47, 56.5, 60.9, 52.1, 45.1, 49.9, 40.3, 36
350, 2010-12-17, 50.8, 54.6, 47, 56.4, 60.8, 52, 45.1, 50, 40.2, 36.1
351, 2010-12-18, 50.7, 54.6, 46.8, 56.4, 60.8, 52, 45, 49.9, 40.1, 36.2
352, 2010-12-19, 50.6, 54.5, 46.7, 56.3, 60.7, 51.9, 45, 49.9, 40.1, 36.3
353, 2010-12-20, 50.6, 54.5, 46.7, 56.2, 60.6, 51.8, 44.9, 49.9, 39.9, 36.4
354, 2010-12-21, 50.5, 54.4, 46.6, 56.2, 60.6, 51.8, 44.9, 49.9, 39.9, 36.4
355, 2010-12-22, 50.5, 54.5, 46.5, 56.1, 60.5, 51.7, 44.9, 49.9, 39.9, 36.4
356, 2010-12-23, 50.4, 54.4, 46.4, 56.1, 60.5, 51.7, 44.8, 49.9, 39.7, 36.4
357, 2010-12-24, 50.4, 54.4, 46.4, 56, 60.4, 51.6, 44.8, 49.9, 39.7, 36.4
358, 2010-12-25, 50.4, 54.4, 46.4, 56, 60.4, 51.6, 44.8, 49.9, 39.7, 36.5
359, 2010-12-26, 50.4, 54.4, 46.4, 56, 60.4, 51.6, 44.8, 49.9, 39.7, 36.6
360, 2010-12-27, 50.3, 54.3, 46.3, 55.9, 60.3, 51.5, 44.7, 49.9, 39.5, 36.7
361, 2010-12-28, 50.3, 54.3, 46.3, 55.9, 60.3, 51.5, 44.7, 49.9, 39.5, 36.7
362, 2010-12-29, 50.3, 54.3, 46.3, 55.9, 60.4, 51.4, 44.7, 49.9, 39.5, 36.7
363, 2010-12-30, 50.3, 54.3, 46.3, 55.9, 60.4, 51.4, 44.7, 49.9, 39.5, 36.7
364, 2010-12-31, 50.3, 54.3, 46.3, 55.9, 60.4, 51.4, 44.7, 49.9, 39.5, 36.6
