day, date, avg, avgh, avgl, hi, hih, hil, lo, loh, lol, precip
0, 2010-01-01, 49.6, 53.7, 45.5, 55.5, 59.8, 51.2, 43.7, 48.7, 38.7, 35.8
1, 2010-01-02, 49.6, 53.7, 45.5, 55.5, 59.8, 51.2, 43.7, 48.7, 38.7, 35.8
2, 2010-01-03, 49.6, 53.7, 45.5, 55.5, 59.8, 51.2, 43.7, 48.7, 38.7, 35.8
3, 2010-01-04, 49.6, 53.7, 45.5, 55.5, 59.8, 51.2, 43.7, 48.7, 38.7, 35.8
4, 2010-01-05, 49.6, 53.7, 45.5, 55.6, 60, 51.2, 43.7, 48.7, 38.7, 35.8
5, 2010-01-06, 49.6, 53.7, 45.5, 55.6, 60, 51.2, 43.7, 48.7, 38.7, 35.8
6, 2010-01-07, 49.7, 53.8, 45.6, 55.6, 60, 51.2, 43.7, 48.7, 38.7, 35.8
7, 2010-01-08, 49.7, 53.8, 45.6, 55.7, 60.1, 51.3, 43.7, 48.6, 38.8, 35.7
8, 2010-01-09, 49.7, 53.7, 45.7, 55.7, 60.1, 51.3, 43.8, 48.7, 38.9, 35.7
9, 2010-01-10, 49.8, 53.8, 45.8, 55.7, 60.1, 51.3, 43.8, 48.7, 38.9, 35.7
10, 2010-01-11, 49.8, 53.8, 45.8, 55.8, 60.2, 51.4, 43.8, 48.7, 38.9, 35.7
11, 2010-01-12, 49.9, 53.9, 45.9, 55.9, 60.3, 51.5, 43.9, 48.7, 39.1, 35.8
12, 2010-01-13, 49.9, 53.8, 46, 55.9, 60.3, 51.5, 43.9, 48.7, 39.1, 35.8
13, 2010-01-14, 50, 53.9, 46.1, 56, 60.4, 51.6, 44, 48.8, 39.2, 35.9
14, 2010-01-15, 50, 53.9, 46.1, 56.1, 60.5, 51.7, 44, 48.8, 39.2, 36
15, 2010-01-16, 50.1, 54, 46.2, 56.1, 60.5, 51.7, 44.1, 48.8, 39.4, 36
16, 2010-01-17, 50.2, 54.1, 46.3, 56.2, 60.6, 51.8, 44.1, 48.8, 39.4, 36.1
17, 2010-01-18, 50.2, 54.1, 46.3, 56.3, 60.7, 51.9, 44.2, 48.9, 39.5, 36.2
18, 2010-01-19, 50.3, 54.1, 46.5, 56.4, 60.8, 52, 44.3, 49, 39.6, 36.3
19, 2010-01-20, 50.4, 54.2, 46.6, 56.5, 60.9, 52.1, 44.3, 49, 39.6, 36.5
20, 2010-01-21, 50.5, 54.3, 46.7, 56.6, 61, 52.2, 44.4, 49.1, 39.7, 36.6
21, 2010-01-22, 50.6, 54.4, 46.8, 56.7, 61.1, 52.3, 44.5, 49.2, 39.8, 36.7
22, 2010-01-23, 50.7, 54.5, 46.9, 56.8, 61.2, 52.4, 44.5, 49.2, 39.8, 36.8
23, 2010-01-24, 50.7, 54.5, 46.9, 56.9, 61.3, 52.5, 44.6, 49.3, 39.9, 36.8
24, 2010-01-25, 50.8, 54.6, 47, 57, 61.4, 52.6, 44.7, 49.4, 40, 36.9
25, 2010-01-26, 50.9, 54.7, 47.1, 57.1, 61.5, 52.7, 44.8, 49.5, 40.1, 36.9
26, 2010-01-27, 51, 54.8, 47.2, 57.2, 61.7, 52.7, 44.8, 49.5, 40.1, 37
27, 2010-01-28, 51.1, 54.9, 47.3, 57.3, 61.8, 52.8, 44.9, 49.5, 40.3, 37
28, 2010-01-29, 51.2, 55, 47.4, 57.5, 62, 53, 45, 49.6, 40.4, 37.1
29, 2010-01-30, 51.3, 55.1, 47.5, 57.6, 62.1, 53.1, 45.1, 49.7, 40.5, 37.1
30, 2010-01-31, 51.4, 55.2, 47.6, 57.7, 62.2, 53.2, 45.2, 49.8, 40.6, 37.1
31, 2010-02-01, 51.5, 55.3, 47.7, 57.8, 62.3, 53.3, 45.3, 49.9, 40.7, 37.2
32, 2010-02-02, 51.6, 55.4, 47.8, 58, 62.5, 53.5, 45.3, 49.9, 40.7, 37.4
33, 2010-02-03, 51.8, 55.6, 48, 58.1, 62.6, 53.6, 45.4, 50, 40.8, 37.5
34, 2010-02-04, 51.9, 55.7, 48.1, 58.2, 62.7, 53.7, 45.5, 50.1, 40.9, 37.7
35, 2010-02-05, 52, 55.8, 48.2, 58.3, 62.9, 53.7, 45.6, 50.2, 41, 37.9
36, 2010-02-06, 52.1, 55.9, 48.3, 58.5, 63.1, 53.9, 45.7, 50.3, 41.1, 38.1
37, 2010-02-07, 52.2, 56, 48.4, 58.6, 63.2, 54, 45.8, 50.4, 41.2, 38.3
38, 2010-02-08, 52.3, 56.1, 48.5, 58.7, 63.3, 54.1, 45.8, 50.3, 41.3, 38.5
39, 2010-02-09, 52.4, 56.2, 48.6, 58.9, 63.5, 54.3, 45.9, 50.4, 41.4, 38.7
40, 2010-02-10, 52.5, 56.3, 48.7, 59, 63.7, 54.3, 46, 50.5, 41.5, 38.9
41, 2010-02-11, 52.6, 56.4, 48.8, 59.1, 63.8, 54.4, 46.1, 50.6, 41.6, 39.1
42, 2010-02-12, 52.7, 56.5, 48.9, 59.2, 63.9, 54.5, 46.2, 50.7, 41.7, 39.2
43, 2010-02-13, 52.8, 56.6, 49, 59.4, 64.1, 54.7, 46.2, 50.6, 41.8, 39.3
44, 2010-02-14, 52.9, 56.7, 49.1, 59.5, 64.3, 54.7, 46.3, 50.7, 41.9, 39.4
45, 2010-02-15, 53, 56.8, 49.2, 59.6, 64.4, 54.8, 46.4, 50.8, 42, 39.6
46, 2010-02-16, 53.1, 56.9, 49.3, 59.7, 64.5, 54.9, 46.5, 50.9, 42.1, 39.7
47, 2010-02-17, 53.2, 57, 49.4, 59.9, 64.8, 55, 46.5, 50.8, 42.2, 39.8
48, 2010-02-18, 53.3, 57.1, 49.5, 60, 64.9, 55.1, 46.6, 50.9, 42.3, 39.8
49, 2010-02-19, 53.4, 57.2, 49.6, 60.1, 65, 55.2, 46.7, 51, 42.4, 39.8
50, 2010-02-20, 53.5, 57.3, 49.7, 60.2, 65.2, 55.2, 46.7, 51, 42.4, 39.8
51, 2010-02-21, 53.5, 57.3, 49.7, 60.3, 65.3, 55.3, 46.8, 51, 42.6, 39.7
52, 2010-02-22, 53.6, 57.4, 49.8, 60.4, 65.4, 55.4, 46.9, 51.1, 42.7, 39.7
53, 2010-02-23, 53.7, 57.5, 49.9, 60.5, 65.5, 55.5, 46.9, 51.1, 42.7, 39.6
54, 2010-02-24, 53.8, 57.6, 50, 60.6, 65.7, 55.5, 47, 51.2, 42.8, 39.6
55, 2010-02-25, 53.9, 57.7, 50.1, 60.7, 65.8, 55.6, 47, 51.1, 42.9, 39.5
56, 2010-02-26, 53.9, 57.7, 50.1, 60.8, 66, 55.6, 47.1, 51.2, 43, 39.5
57, 2010-02-27, 54, 57.8, 50.2, 60.9, 66.1, 55.7, 47.1, 51.2, 43, 39.4
58, 2010-02-28, 54.1, 57.9, 50.3, 61, 66.2, 55.8, 47.2, 51.3, 43.1, 39.3
59, 2010-03-01, 54.1, 58, 50.2, 61.1, 66.4, 55.8, 47.2, 51.3, 43.1, 39.1
60, 2010-03-02, 54.2, 58.1, 50.3, 61.1, 66.4, 55.8, 47.3, 51.3, 43.3, 38.9
61, 2010-03-03, 54.3, 58.2, 50.4, 61.2, 66.6, 55.8, 47.3, 51.3, 43.3, 38.6
62, 2010-03-04, 54.3, 58.2, 50.4, 61.3, 66.7, 55.9, 47.3, 51.3, 43.3, 38.3
63, 2010-03-05, 54.4, 58.3, 50.5, 61.4, 66.8, 56, 47.4, 51.4, 43.4, 38
64, 2010-03-06, 54.4, 58.3, 50.5, 61.5, 66.9, 56.1, 47.4, 51.4, 43.4, 37.7
65, 2010-03-07, 54.5, 58.4, 50.6, 61.5, 66.9, 56.1, 47.4, 51.3, 43.5, 37.3
66, 2010-03-08, 54.5, 58.4, 50.6, 61.6, 67.1, 56.1, 47.5, 51.4, 43.6, 36.9
67, 2010-03-09, 54.6, 58.5, 50.7, 61.7, 67.2, 56.2, 47.5, 51.4, 43.6, 36.6
68, 2010-03-10, 54.6, 58.5, 50.7, 61.7, 67.2, 56.2, 47.5, 51.4, 43.6, 36.2
69, 2010-03-11, 54.7, 58.6, 50.8, 61.8, 67.3, 56.3, 47.6, 51.5, 43.7, 35.9
70, 2010-03-12, 54.7, 58.6, 50.8, 61.8, 67.3, 56.3, 47.6, 51.5, 43.7, 35.5
71, 2010-03-13, 54.8, 58.7, 50.9, 61.9, 67.5, 56.3, 47.6, 51.5, 43.7, 35.1
72, 2010-03-14, 54.8, 58.7, 50.9, 62, 67.6, 56.4, 47.7, 51.5, 43.9, 34.6
73, 2010-03-15, 54.9, 58.9, 50.9, 62, 67.6, 56.4, 47.7, 51.5, 43.9, 34.2
74, 2010-03-16, 54.9, 58.9, 50.9, 62.1, 67.7, 56.5, 47.7, 51.5, 43.9, 33.7
75, 2010-03-17, 54.9, 58.9, 50.9, 62.2, 67.9, 56.5, 47.7, 51.5, 43.9, 33.2
76, 2010-03-18, 55, 59, 51, 62.2, 67.9, 56.5, 47.8, 51.6, 44, 32.8
77, 2010-03-19, 55, 59, 51, 62.3, 68, 56.6, 47.8, 51.6, 44, 32.3
78, 2010-03-20, 55.1, 59.1, 51.1, 62.3, 68.1, 56.5, 47.8, 51.5, 44.1, 31.9
79, 2010-03-21, 55.1, 59.1, 51.1, 62.4, 68.2, 56.6, 47.8, 51.5, 44.1, 31.5
80, 2010-03-22, 55.2, 59.2, 51.2, 62.5, 68.4, 56.6, 47.9, 51.6, 44.2, 31.1
81, 2010-03-23, 55.2, 59.3, 51.1, 62.5, 68.4, 56.6, 47.9, 51.6, 44.2, 30.7
82, 2010-03-24, 55.3, 59.4, 51.2, 62.6, 68.6, 56.6, 47.9, 51.6, 44.2, 30.2
83, 2010-03-25, 55.3, 59.4, 51.2, 62.7, 68.7, 56.7, 48, 51.6, 44.4, 29.8
84, 2010-03-26, 55.4, 59.5, 51.3, 62.8, 68.9, 56.7, 48, 51.6, 44.4, 29.3
85, 2010-03-27, 55.4, 59.5, 51.3, 62.8, 68.9, 56.7, 48, 51.6, 44.4, 28.8
86, 2010-03-28, 55.5, 59.6, 51.4, 62.9, 69, 56.8, 48.1, 51.7, 44.5, 28.3
87, 2010-03-29, 55.5, 59.6, 51.4, 63, 69.2, 56.8, 48.1, 51.7, 44.5, 27.8
88, 2010-03-30, 55.6, 59.7, 51.5, 63.1, 69.3, 56.9, 48.1, 51.6, 44.6, 27.4
89, 2010-03-31, 55.7, 59.8, 51.6, 63.2, 69.4, 57, 48.2, 51.7, 44.7, 26.9
90, 2010-04-01, 55.7, 59.8, 51.6, 63.2, 69.5, 56.9, 48.2, 51.7, 44.7, 26.4
91, 2010-04-02, 55.8, 59.9, 51.7, 63.3, 69.6, 57, 48.2, 51.7, 44.7, 26
92, 2010-04-03, 55.9, 60, 51.8, 63.4, 69.7, 57.1, 48.3, 51.8, 44.8, 25.6
93, 2010-04-04, 55.9, 60, 51.8, 63.5, 69.9, 57.1, 48.3, 51.7, 44.9, 25.2
94, 2010-04-05, 56, 60.1, 51.9, 63.6, 70, 57.2, 48.4, 51.8, 45, 24.8
95, 2010-04-06, 56.1, 60.2, 52, 63.7, 70.1, 57.3, 48.4, 51.8, 45, 24.4
96, 2010-04-07, 56.1, 60.3, 51.9, 63.8, 70.3, 57.3, 48.5, 51.9, 45.1, 24
97, 2010-04-08, 56.2, 60.4, 52, 63.9, 70.4, 57.4, 48.5, 51.9, 45.1, 23.6
98, 2010-04-09, 56.3, 60.5, 52.1, 64, 70.6, 57.4, 48.6, 52, 45.2, 23.2
99, 2010-04-10, 56.4, 60.6, 52.2, 64.1, 70.7, 57.5, 48.7, 52, 45.4, 22.8
100, 2010-04-11, 56.5, 60.7, 52.3, 64.2, 70.9, 57.5, 48.7, 52, 45.4, 22.4
101, 2010-04-12, 56.6, 60.8, 52.4, 64.3, 71, 57.6, 48.8, 52.1, 45.5, 22.1
102, 2010-04-13, 56.6, 60.8, 52.4, 64.4, 71.1, 57.7, 48.9, 52.2, 45.6, 21.7
103, 2010-04-14, 56.7, 60.9, 52.5, 64.5, 71.3, 57.7, 48.9, 52.1, 45.7, 21.3
104, 2010-04-15, 56.8, 61, 52.6, 64.6, 71.4, 57.8, 49, 52.2, 45.8, 20.9
105, 2010-04-16, 56.9, 61.2, 52.6, 64.7, 71.5, 57.9, 49.1, 52.3, 45.9, 20.6
106, 2010-04-17, 57, 61.3, 52.7, 64.9, 71.8, 58, 49.1, 52.3, 45.9, 20.2
107, 2010-04-18, 57.1, 61.4, 52.8, 65, 71.9, 58.1, 49.2, 52.4, 46, 19.9
108, 2010-04-19, 57.2, 61.5, 52.9, 65.1, 72, 58.2, 49.3, 52.5, 46.1, 19.5
109, 2010-04-20, 57.3, 61.6, 53, 65.2, 72.1, 58.3, 49.4, 52.5, 46.3, 19.1
110, 2010-04-21, 57.4, 61.7, 53.1, 65.3, 72.2, 58.4, 49.5, 52.6, 46.4, 18.7
111, 2010-04-22, 57.5, 61.8, 53.2, 65.4, 72.3, 58.5, 49.5, 52.6, 46.4, 18.3
112, 2010-04-23, 57.6, 61.8, 53.4, 65.5, 72.4, 58.6, 49.6, 52.7, 46.5, 18
113, 2010-04-24, 57.7, 61.9, 53.5, 65.6, 72.5, 58.7, 49.7, 52.8, 46.6, 17.6
114, 2010-04-25, 57.7, 61.9, 53.5, 65.7, 72.6, 58.8, 49.8, 52.9, 46.7, 17.2
115, 2010-04-26, 57.8, 62.1, 53.5, 65.8, 72.7, 58.9, 49.9, 53, 46.8, 16.9
116, 2010-04-27, 57.9, 62.2, 53.6, 65.9, 72.9, 58.9, 50, 53.1, 46.9, 16.5
117, 2010-04-28, 58, 62.3, 53.7, 66, 73, 59, 50, 53.1, 46.9, 16.2
118, 2010-04-29, 58.1, 62.4, 53.8, 66.1, 73.1, 59.1, 50.1, 53.2, 47, 15.9
119, 2010-04-30, 58.2, 62.5, 53.9, 66.2, 73.2, 59.2, 50.2, 53.3, 47.1, 15.6
120, 2010-05-01, 58.3, 62.6, 54, 66.3, 73.3, 59.3, 50.3, 53.4, 47.2, 15.3
121, 2010-05-02, 58.4, 62.7, 54.1, 66.4, 73.4, 59.4, 50.4, 53.5, 47.3, 14.9
122, 2010-05-03, 58.5, 62.8, 54.2, 66.5, 73.5, 59.5, 50.5, 53.6, 47.4, 14.6
123, 2010-05-04, 58.6, 62.9, 54.3, 66.6, 73.6, 59.6, 50.6, 53.7, 47.5, 14.3
124, 2010-05-05, 58.7, 63, 54.4, 66.6, 73.6, 59.6, 50.7, 53.8, 47.6, 13.9
125, 2010-05-06, 58.7, 63, 54.4, 66.7, 73.7, 59.7, 50.8, 53.9, 47.7, 13.6
126, 2010-05-07, 58.8, 63.1, 54.5, 66.8, 73.8, 59.8, 50.9, 54, 47.8, 13.2
127, 2010-05-08, 58.9, 63.2, 54.6, 66.9, 74, 59.8, 50.9, 54, 47.8, 12.9
128, 2010-05-09, 59, 63.3, 54.7, 67, 74, 60, 51, 54.1, 47.9, 12.5
129, 2010-05-10, 59.1, 63.4, 54.8, 67.1, 74.1, 60.1, 51.1, 54.2, 48, 12.2
130, 2010-05-11, 59.2, 63.5, 54.9, 67.2, 74.2, 60.2, 51.2, 54.3, 48.1, 11.9
131, 2010-05-12, 59.3, 63.6, 55, 67.2, 74.2, 60.2, 51.3, 54.4, 48.2, 11.6
132, 2010-05-13, 59.4, 63.7, 55.1, 67.3, 74.3, 60.3, 51.4, 54.5, 48.3, 11.3
133, 2010-05-14, 59.4, 63.7, 55.1, 67.4, 74.4, 60.4, 51.5, 54.5, 48.5, 11.1
134, 2010-05-15, 59.5, 63.8, 55.2, 67.5, 74.5, 60.5, 51.5, 54.5, 48.5, 10.8
135, 2010-05-16, 59.6, 63.9, 55.3, 67.6, 74.6, 60.6, 51.6, 54.6, 48.6, 10.5
136, 2010-05-17, 59.7, 64, 55.4, 67.7, 74.6, 60.8, 51.7, 54.7, 48.7, 10.3
137, 2010-05-18, 59.8, 64.1, 55.5, 67.7, 74.6, 60.8, 51.8, 54.8, 48.8, 10
138, 2010-05-19, 59.9, 64.1, 55.7, 67.8, 74.7, 60.9, 51.9, 54.9, 48.9, 9.7
139, 2010-05-20, 59.9, 64.1, 55.7, 67.9, 74.8, 61, 52, 55, 49, 9.5
140, 2010-05-21, 60, 64.2, 55.8, 68, 74.9, 61.1, 52, 55, 49, 9.2
141, 2010-05-22, 60.1, 64.3, 55.9, 68.1, 75, 61.2, 52.1, 55.1, 49.1, 9
142, 2010-05-23, 60.2, 64.4, 56, 68.2, 75, 61.4, 52.2, 55.1, 49.3, 8.8
143, 2010-05-24, 60.3, 64.5, 56.1, 68.3, 75.1, 61.5, 52.3, 55.2, 49.4, 8.5
144, 2010-05-25, 60.4, 64.6, 56.2, 68.4, 75.2, 61.6, 52.3, 55.2, 49.4, 8.3
145, 2010-05-26, 60.5, 64.6, 56.4, 68.5, 75.3, 61.7, 52.4, 55.3, 49.5, 8.1
146, 2010-05-27, 60.5, 64.6, 56.4, 68.6, 75.4, 61.8, 52.5, 55.4, 49.6, 7.8
147, 2010-05-28, 60.6, 64.7, 56.5, 68.7, 75.4, 62, 52.6, 55.4, 49.8, 7.6
148, 2010-05-29, 60.7, 64.8, 56.6, 68.8, 75.5, 62.1, 52.6, 55.4, 49.8, 7.3
149, 2010-05-30, 60.8, 64.8, 56.8, 68.9, 75.6, 62.2, 52.7, 55.5, 49.9, 7.1
150, 2010-05-31, 60.9, 64.9, 56.9, 69, 75.7, 62.3, 52.8, 55.5, 50.1, 6.8
151, 2010-06-01, 61, 65, 57, 69.1, 75.8, 62.4, 52.9, 55.6, 50.2, 6.6
152, 2010-06-02, 61.1, 65.1, 57.1, 69.2, 75.9, 62.5, 52.9, 55.6, 50.2, 6.4
153, 2010-06-03, 61.2, 65.2, 57.2, 69.3, 76, 62.6, 53, 55.7, 50.3, 6.2
154, 2010-06-04, 61.2, 65.2, 57.2, 69.4, 76.1, 62.7, 53.1, 55.7, 50.5, 6
155, 2010-06-05, 61.3, 65.3, 57.3, 69.5, 76.3, 62.7, 53.1, 55.7, 50.5, 5.8
156, 2010-06-06, 61.4, 65.4, 57.4, 69.6, 76.4, 62.8, 53.2, 55.8, 50.6, 5.6
157, 2010-06-07, 61.5, 65.5, 57.5, 69.8, 76.6, 63, 53.3, 55.9, 50.7, 5.4
158, 2010-06-08, 61.6, 65.6, 57.6, 69.9, 76.7, 63.1, 53.3, 55.9, 50.7, 5.2
159, 2010-06-09, 61.7, 65.7, 57.7, 70, 76.8, 63.2, 53.4, 56, 50.8, 5
160, 2010-06-10, 61.8, 65.8, 57.8, 70.1, 76.9, 63.3, 53.5, 56.1, 50.9, 4.8
161, 2010-06-11, 61.9, 65.9, 57.9, 70.2, 77.1, 63.3, 53.5, 56.1, 50.9, 4.6
162, 2010-06-12, 62, 66, 58, 70.3, 77.2, 63.4, 53.6, 56.1, 51.1, 4.3
163, 2010-06-13, 62, 66, 58, 70.4, 77.3, 63.5, 53.7, 56.2, 51.2, 4.1
164, 2010-06-14, 62.1, 66.1, 58.1, 70.5, 77.4, 63.6, 53.7, 56.2, 51.2, 4
165, 2010-06-15, 62.2, 66.2, 58.2, 70.6, 77.5, 63.7, 53.8, 56.3, 51.3, 3.8
166, 2010-06-16, 62.3, 66.3, 58.3, 70.7, 77.6, 63.8, 53.9, 56.4, 51.4, 3.6
167, 2010-06-17, 62.4, 66.4, 58.4, 70.8, 77.7, 63.9, 53.9, 56.4, 51.4, 3.4
168, 2010-06-18, 62.5, 66.5, 58.5, 70.9, 77.8, 64, 54, 56.5, 51.5, 3.3
169, 2010-06-19, 62.5, 66.5, 58.5, 71, 77.9, 64.1, 54, 56.5, 51.5, 3.1
170, 2010-06-20, 62.6, 66.5, 58.7, 71.1, 78, 64.2, 54.1, 56.5, 51.7, 3
171, 2010-06-21, 62.7, 66.6, 58.8, 71.2, 78.1, 64.3, 54.2, 56.6, 51.8, 2.8
172, 2010-06-22, 62.8, 66.7, 58.9, 71.3, 78.2, 64.4, 54.2, 56.6, 51.8, 2.7
173, 2010-06-23, 62.8, 66.7, 58.9, 71.4, 78.3, 64.5, 54.3, 56.7, 51.9, 2.6
174, 2010-06-24, 62.9, 66.8, 59, 71.5, 78.3, 64.7, 54.3, 56.7, 51.9, 2.5
175, 2010-06-25, 63, 66.9, 59.1, 71.5, 78.3, 64.7, 54.4, 56.8, 52, 2.4
176, 2010-06-26, 63, 66.9, 59.1, 71.6, 78.4, 64.8, 54.4, 56.8, 52, 2.3
177, 2010-06-27, 63.1, 67, 59.2, 71.7, 78.5, 64.9, 54.5, 56.9, 52.1, 2.2
178, 2010-06-28, 63.1, 66.9, 59.3, 71.7, 78.4, 65, 54.6, 57, 52.2, 2.1
179, 2010-06-29, 63.2, 67, 59.4, 71.8, 78.5, 65.1, 54.6, 57, 52.2, 2.1
180, 2010-06-30, 63.2, 67, 59.4, 71.8, 78.4, 65.2, 54.7, 57.1, 52.3, 2
181, 2010-07-01, 63.3, 67.1, 59.5, 71.9, 78.5, 65.3, 54.7, 57.1, 52.3, 1.9
182, 2010-07-02, 63.3, 67.1, 59.5, 71.9, 78.5, 65.3, 54.8, 57.2, 52.4, 1.7
183, 2010-07-03, 63.4, 67.1, 59.7, 71.9, 78.4, 65.4, 54.8, 57.2, 52.4, 1.6
184, 2010-07-04, 63.4, 67.1, 59.7, 72, 78.4, 65.6, 54.9, 57.3, 52.5, 1.6
185, 2010-07-05, 63.5, 67.2, 59.8, 72, 78.4, 65.6, 54.9, 57.3, 52.5, 1.5
186, 2010-07-06, 63.5, 67.1, 59.9, 72, 78.3, 65.7, 55, 57.4, 52.6, 1.4
187, 2010-07-07, 63.5, 67.1, 59.9, 72, 78.2, 65.8, 55, 57.4, 52.6, 1.3
188, 2010-07-08, 63.6, 67.2, 60, 72, 78.1, 65.9, 55.1, 57.5, 52.7, 1.3
189, 2010-07-09, 63.6, 67.1, 60.1, 72.1, 78.2, 66, 55.1, 57.5, 52.7, 1.2
190, 2010-07-10, 63.6, 67.1, 60.1, 72.1, 78.1, 66.1, 55.2, 57.6, 52.8, 1.2
191, 2010-07-11, 63.6, 67, 60.2, 72.1, 78, 66.2, 55.2, 57.6, 52.8, 1.1
192, 2010-07-12, 63.7, 67.1, 60.3, 72.1, 77.9, 66.3, 55.3, 57.7, 52.9, 1.1
193, 2010-07-13, 63.7, 67.1, 60.3, 72.1, 77.9, 66.3, 55.3, 57.7, 52.9, 1.1
194, 2010-07-14, 63.7, 67.1, 60.3, 72.1, 77.8, 66.4, 55.3, 57.7, 52.9, 1
195, 2010-07-15, 63.7, 67.1, 60.3, 72, 77.7, 66.3, 55.4, 57.8, 53, 1
196, 2010-07-16, 63.7, 67, 60.4, 72, 77.6, 66.4, 55.4, 57.8, 53, 1
197, 2010-07-17, 63.8, 67.1, 60.5, 72, 77.6, 66.4, 55.5, 57.9, 53.1, 1
198, 2010-07-18, 63.8, 67.1, 60.5, 72, 77.6, 66.4, 55.5, 57.9, 53.1, 1
199, 2010-07-19, 63.8, 67.1, 60.5, 72, 77.5, 66.5, 55.6, 58, 53.2, 0.9
200, 2010-07-20, 63.8, 67.1, 60.5, 72, 77.5, 66.5, 55.6, 58, 53.2, 0.9
201, 2010-07-21, 63.8, 67.1, 60.5, 72, 77.5, 66.5, 55.6, 58.1, 53.1, 0.9
202, 2010-07-22, 63.8, 67.1, 60.5, 72, 77.5, 66.5, 55.7, 58.2, 53.2, 0.9
203, 2010-07-23, 63.8, 67.1, 60.5, 72, 77.5, 66.5, 55.7, 58.2, 53.2, 0.8
204, 2010-07-24, 63.9, 67.2, 60.6, 72, 77.5, 66.5, 55.7, 58.2, 53.2, 0.8
205, 2010-07-25, 63.9, 67.2, 60.6, 72, 77.5, 66.5, 55.8, 58.3, 53.3, 0.8
206, 2010-07-26, 63.9, 67.2, 60.6, 72, 77.5, 66.5, 55.8, 58.3, 53.3, 0.8
207, 2010-07-27, 63.9, 67.1, 60.7, 72, 77.4, 66.6, 55.8, 58.2, 53.4, 0.8
208, 2010-07-28, 63.9, 67.1, 60.7, 72, 77.4, 66.6, 55.9, 58.3, 53.5, 0.8
209, 2010-07-29, 63.9, 67.1, 60.7, 72, 77.4, 66.6, 55.9, 58.3, 53.5, 0.8
210, 2010-07-30, 64, 67.2, 60.8, 72, 77.4, 66.6, 55.9, 58.3, 53.5, 0.8
211, 2010-07-31, 64, 67.1, 60.9, 72, 77.4, 66.6, 56, 58.4, 53.6, 0.8
212, 2010-08-01, 64, 67.1, 60.9, 72, 77.3, 66.7, 56, 58.4, 53.6, 0.8
213, 2010-08-02, 64, 67.1, 60.9, 72, 77.3, 66.7, 56, 58.4, 53.6, 0.8
214, 2010-08-03, 64.1, 67.2, 61, 72.1, 77.4, 66.8, 56.1, 58.5, 53.7, 0.9
215, 2010-08-04, 64.1, 67.2, 61, 72.1, 77.4, 66.8, 56.1, 58.5, 53.7, 0.9
216, 2010-08-05, 64.1, 67.2, 61, 72.1, 77.4, 66.8, 56.1, 58.5, 53.7, 0.9
217, 2010-08-06, 64.1, 67.2, 61, 72.1, 77.4, 66.8, 56.2, 58.6, 53.8, 1
218, 2010-08-07, 64.2, 67.3, 61.1, 72.2, 77.5, 66.9, 56.2, 58.6, 53.8, 1
219, 2010-08-08, 64.2, 67.3, 61.1, 72.2, 77.6, 66.8, 56.2, 58.6, 53.8, 1
220, 2010-08-09, 64.2, 67.3, 61.1, 72.3, 77.7, 66.9, 56.2, 58.6, 53.8, 1
221, 2010-08-10, 64.3, 67.4, 61.2, 72.3, 77.7, 66.9, 56.2, 58.6, 53.8, 1
222, 2010-08-11, 64.3, 67.4, 61.2, 72.4, 77.8, 67, 56.3, 58.7, 53.9, 1.1
223, 2010-08-12, 64.4, 67.5, 61.3, 72.4, 77.9, 66.9, 56.3, 58.7, 53.9, 1.1
224, 2010-08-13, 64.4, 67.6, 61.2, 72.5, 78, 67, 56.3, 58.7, 53.9, 1.1
225, 2010-08-14, 64.4, 67.6, 61.2, 72.5, 78, 67, 56.3, 58.7, 53.9, 1.1
226, 2010-08-15, 64.5, 67.7, 61.3, 72.6, 78.2, 67, 56.3, 58.8, 53.8, 1.2
227, 2010-08-16, 64.5, 67.8, 61.2, 72.6, 78.2, 67, 56.4, 58.9, 53.9, 1.2
228, 2010-08-17, 64.5, 67.8, 61.2, 72.7, 78.3, 67.1, 56.4, 58.9, 53.9, 1.2
229, 2010-08-18, 64.6, 67.9, 61.3, 72.8, 78.5, 67.1, 56.4, 58.9, 53.9, 1.2
230, 2010-08-19, 64.6, 67.9, 61.3, 72.8, 78.5, 67.1, 56.4, 58.9, 53.9, 1.3
231, 2010-08-20, 64.7, 68.1, 61.3, 72.9, 78.6, 67.2, 56.4, 59, 53.8, 1.3
232, 2010-08-21, 64.7, 68.1, 61.3, 73, 78.8, 67.2, 56.4, 59, 53.8, 1.3
233, 2010-08-22, 64.7, 68.1, 61.3, 73, 78.8, 67.2, 56.4, 59, 53.8, 1.4
234, 2010-08-23, 64.8, 68.2, 61.4, 73.1, 79, 67.2, 56.4, 59, 53.8, 1.4
235, 2010-08-24, 64.8, 68.3, 61.3, 73.2, 79.1, 67.3, 56.4, 59, 53.8, 1.5
236, 2010-08-25, 64.8, 68.3, 61.3, 73.2, 79.2, 67.2, 56.4, 59, 53.8, 1.6
237, 2010-08-26, 64.9, 68.5, 61.3, 73.3, 79.3, 67.3, 56.4, 59.1, 53.7, 1.7
238, 2010-08-27, 64.9, 68.5, 61.3, 73.4, 79.5, 67.3, 56.4, 59.1, 53.7, 1.8
239, 2010-08-28, 64.9, 68.5, 61.3, 73.4, 79.5, 67.3, 56.4, 59.1, 53.7, 1.9
240, 2010-08-29, 64.9, 68.6, 61.2, 73.5, 79.7, 67.3, 56.4, 59.1, 53.7, 2
241, 2010-08-30, 65, 68.7, 61.3, 73.5, 79.8, 67.2, 56.4, 59.2, 53.6, 2.1
242, 2010-08-31, 65, 68.8, 61.2, 73.6, 79.9, 67.3, 56.4, 59.2, 53.6, 2.2
243, 2010-09-01, 65, 68.8, 61.2, 73.6, 80, 67.2, 56.4, 59.2, 53.6, 2.4
244, 2010-09-02, 65, 68.9, 61.1, 73.7, 80.2, 67.2, 56.3, 59.1, 53.5, 2.5
245, 2010-09-03, 65, 68.9, 61.1, 73.7, 80.2, 67.2, 56.3, 59.1, 53.5, 2.6
246, 2010-09-04, 65, 68.9, 61.1, 73.7, 80.3, 67.1, 56.3, 59.2, 53.4, 2.7
247, 2010-09-05, 65, 69, 61, 73.8, 80.4, 67.2, 56.3, 59.2, 53.4, 2.9
248, 2010-09-06, 65, 69, 61, 73.8, 80.4, 67.2, 56.3, 59.2, 53.4, 3
249, 2010-09-07, 65, 69, 61, 73.8, 80.5, 67.1, 56.2, 59.1, 53.3, 3.2
250, 2010-09-08, 65, 69, 61, 73.8, 80.5, 67.1, 56.2, 59.1, 53.3, 3.3
251, 2010-09-09, 65, 69, 61, 73.8, 80.6, 67, 56.2, 59.1, 53.3, 3.5
252, 2010-09-10, 65, 69.1, 60.9, 73.8, 80.6, 67, 56.1, 59, 53.2, 3.6
253, 2010-09-11, 65, 69.1, 60.9, 73.9, 80.8, 67, 56.1, 59, 53.2, 3.8
254, 2010-09-12, 64.9, 69, 60.8, 73.8, 80.7, 66.9, 56, 58.9, 53.1, 3.9
255, 2010-09-13, 64.9, 69, 60.8, 73.8, 80.7, 66.9, 56, 58.9, 53.1, 4.1
256, 2010-09-14, 64.9, 69, 60.8, 73.8, 80.8, 66.8, 56, 58.9, 53.1, 4.3
257, 2010-09-15, 64.9, 69, 60.8, 73.8, 80.8, 66.8, 55.9, 58.8, 53, 4.5
258, 2010-09-16, 64.8, 68.9, 60.7, 73.8, 80.8, 66.8, 55.9, 58.8, 53, 4.7
259, 2010-09-17, 64.8, 68.9, 60.7, 73.8, 80.8, 66.8, 55.8, 58.7, 52.9, 4.9
260, 2010-09-18, 64.7, 68.8, 60.6, 73.7, 80.8, 66.6, 55.8, 58.7, 52.9, 5
261, 2010-09-19, 64.7, 68.8, 60.6, 73.7, 80.8, 66.6, 55.7, 58.6, 52.8, 5.2
262, 2010-09-20, 64.6, 68.7, 60.5, 73.6, 80.7, 66.5, 55.6, 58.5, 52.7, 5.4
263, 2010-09-21, 64.6, 68.8, 60.4, 73.6, 80.7, 66.5, 55.6, 58.5, 52.7, 5.5
264, 2010-09-22, 64.5, 68.7, 60.3, 73.5, 80.6, 66.4, 55.5, 58.4, 52.6, 5.7
265, 2010-09-23, 64.5, 68.7, 60.3, 73.5, 80.6, 66.4, 55.4, 58.3, 52.5, 5.8
266, 2010-09-24, 64.4, 68.6, 60.2, 73.4, 80.6, 66.2, 55.4, 58.4, 52.4, 6
267, 2010-09-25, 64.3, 68.5, 60.1, 73.3, 80.5, 66.1, 55.3, 58.3, 52.3, 6.1
268, 2010-09-26, 64.2, 68.4, 60, 73.2, 80.4, 66, 55.2, 58.2, 52.2, 6.2
269, 2010-09-27, 64.2, 68.4, 60, 73.2, 80.4, 66, 55.2, 58.2, 52.2, 6.3
270, 2010-09-28, 64.1, 68.3, 59.9, 73.1, 80.3, 65.9, 55.1, 58.1, 52.1, 6.4
271, 2010-09-29, 64, 68.2, 59.8, 73, 80.2, 65.8, 55, 58, 52, 6.5
272, 2010-09-30, 63.9, 68.1, 59.7, 72.9, 80.1, 65.7, 54.9, 58, 51.8, 6.7
273, 2010-10-01, 63.8, 68, 59.6, 72.8, 80, 65.6, 54.8, 57.9, 51.7, 6.9
274, 2010-10-02, 63.7, 67.9, 59.5, 72.7, 79.9, 65.5, 54.7, 57.8, 51.6, 7
275, 2010-10-03, 63.6, 67.8, 59.4, 72.6, 79.8, 65.4, 54.7, 57.8, 51.6, 7.2
276, 2010-10-04, 63.5, 67.8, 59.2, 72.4, 79.6, 65.2, 54.6, 57.7, 51.5, 7.4
277, 2010-10-05, 63.4, 67.7, 59.1, 72.3, 79.5, 65.1, 54.5, 57.6, 51.4, 7.6
278, 2010-10-06, 63.3, 67.6, 59, 72.2, 79.4, 65, 54.4, 57.5, 51.3, 7.8
279, 2010-10-07, 63.2, 67.5, 58.9, 72.1, 79.2, 65, 54.3, 57.5, 51.1, 8
280, 2010-10-08, 63, 67.2, 58.8, 71.9, 79, 64.8, 54.2, 57.4, 51, 8.2
281, 2010-10-09, 62.9, 67.1, 58.7, 71.8, 78.9, 64.7, 54.1, 57.3, 50.9, 8.4
282, 2010-10-10, 62.8, 67, 58.6, 71.6, 78.7, 64.5, 54, 57.2, 50.8, 8.7
283, 2010-10-11, 62.7, 66.9, 58.5, 71.5, 78.5, 64.5, 53.9, 57.1, 50.7, 8.9
284, 2010-10-12, 62.5, 66.7, 58.3, 71.3, 78.3, 64.3, 53.8, 57, 50.6, 9.2
285, 2010-10-13, 62.4, 66.6, 58.2, 71.1, 78.1, 64.1, 53.6, 56.9, 50.3, 9.5
286, 2010-10-14, 62.3, 66.5, 58.1, 71, 77.9, 64.1, 53.5, 56.8, 50.2, 9.9
287, 2010-10-15, 62.1, 66.3, 57.9, 70.8, 77.7, 63.9, 53.4, 56.7, 50.1, 10.2
288, 2010-10-16, 62, 66.2, 57.8, 70.6, 77.4, 63.8, 53.3, 56.6, 50, 10.6
289, 2010-10-17, 61.8, 66, 57.6, 70.4, 77.2, 63.6, 53.2, 56.6, 49.8, 10.9
290, 2010-10-18, 61.6, 65.8, 57.4, 70.2, 76.9, 63.5, 53, 56.4, 49.6, 11.3
291, 2010-10-19, 61.5, 65.6, 57.4, 70, 76.7, 63.3, 52.9, 56.3, 49.5, 11.8
292, 2010-10-20, 61.3, 65.4, 57.2, 69.8, 76.4, 63.2, 52.8, 56.2, 49.4, 12.2
293, 2010-10-21, 61.1, 65.2, 57, 69.6, 76.1, 63.1, 52.7, 56.2, 49.2, 12.7
294, 2010-10-22, 61, 65.1, 56.9, 69.4, 75.9, 62.9, 52.5, 56, 49, 13.2
295, 2010-10-23, 60.8, 64.9, 56.7, 69.2, 75.6, 62.8, 52.4, 55.9, 48.9, 13.7
296, 2010-10-24, 60.6, 64.6, 56.6, 69, 75.3, 62.7, 52.3, 55.8, 48.8, 14.2
297, 2010-10-25, 60.4, 64.4, 56.4, 68.7, 75, 62.4, 52.1, 55.7, 48.5, 14.8
298, 2010-10-26, 60.2, 64.2, 56.2, 68.5, 74.7, 62.3, 52, 55.6, 48.4, 15.3
299, 2010-10-27, 60, 64, 56, 68.3, 74.5, 62.1, 51.8, 55.4, 48.2, 15.9
300, 2010-10-28, 59.8, 63.8, 55.8, 68, 74.1, 61.9, 51.7, 55.4, 48, 16.5
301, 2010-10-29, 59.6, 63.6, 55.6, 67.8, 73.8, 61.8, 51.5, 55.2, 47.8, 17.1
302, 2010-10-30, 59.4, 63.4, 55.4, 67.5, 73.5, 61.5, 51.4, 55.1, 47.7, 17.6
303, 2010-10-31, 59.2, 63.2, 55.2, 67.2, 73.1, 61.3, 51.2, 55, 47.4, 18.1
304, 2010-11-01, 59, 63, 55, 67, 72.9, 61.1, 51.1, 54.9, 47.3, 18.7
305, 2010-11-02, 58.8, 62.8, 54.8, 66.7, 72.5, 60.9, 50.9, 54.7, 47.1, 19.3
306, 2010-11-03, 58.6, 62.6, 54.6, 66.4, 72.1, 60.7, 50.8, 54.7, 46.9, 19.8
307, 2010-11-04, 58.4, 62.4, 54.4, 66.2, 71.9, 60.5, 50.6, 54.5, 46.7, 20.4
308, 2010-11-05, 58.2, 62.2, 54.2, 65.9, 71.5, 60.3, 50.4, 54.4, 46.4, 21
309, 2010-11-06, 57.9, 61.9, 53.9, 65.6, 71.2, 60, 50.3, 54.3, 46.3, 21.6
310, 2010-11-07, 57.7, 61.7, 53.7, 65.3, 70.8, 59.8, 50.1, 54.1, 46.1, 22.2
311, 2010-11-08, 57.5, 61.5, 53.5, 65, 70.4, 59.6, 50, 54.1, 45.9, 22.8
312, 2010-11-09, 57.3, 61.2, 53.4, 64.7, 70.1, 59.3, 49.8, 53.9, 45.7, 23.4
313, 2010-11-10, 57, 60.9, 53.1, 64.4, 69.7, 59.1, 49.6, 53.7, 45.5, 24
314, 2010-11-11, 56.8, 60.7, 52.9, 64.2, 69.4, 59, 49.5, 53.6, 45.4, 24.5
315, 2010-11-12, 56.6, 60.5, 52.7, 63.9, 69.1, 58.7, 49.3, 53.5, 45.1, 25
316, 2010-11-13, 56.3, 60.2, 52.4, 63.6, 68.7, 58.5, 49.1, 53.3, 44.9, 25.6
317, 2010-11-14, 56.1, 60, 52.2, 63.3, 68.3, 58.3, 49, 53.2, 44.8, 26.1
318, 2010-11-15, 55.9, 59.7, 52.1, 63, 68, 58, 48.8, 53, 44.6, 26.6
319, 2010-11-16, 55.7, 59.5, 51.9, 62.7, 67.6, 57.8, 48.6, 52.8, 44.4, 27.1
320, 2010-11-17, 55.4, 59.2, 51.6, 62.4, 67.2, 57.6, 48.4, 52.7, 44.1, 27.6
321, 2010-11-18, 55.2, 59, 51.4, 62.1, 66.9, 57.3, 48.3, 52.6, 44, 28
322, 2010-11-19, 55, 58.8, 51.2, 61.8, 66.5, 57.1, 48.1, 52.4, 43.8, 28.5
323, 2010-11-20, 54.8, 58.6, 51, 61.6, 66.3, 56.9, 47.9, 52.2, 43.6, 28.9
324, 2010-11-21, 54.5, 58.3, 50.7, 61.3, 65.9, 56.7, 47.8, 52.1, 43.5, 29.4
325, 2010-11-22, 54.3, 58, 50.6, 61, 65.6, 56.4, 47.6, 52, 43.2, 29.8
326, 2010-11-23, 54.1, 57.8, 50.4, 60.7, 65.2, 56.2, 47.4, 51.8, 43, 30.1
327, 2010-11-24, 53.9, 57.6, 50.2, 60.5, 65, 56, 47.3, 51.7, 42.9, 30.5
328, 2010-11-25, 53.7, 57.4, 50, 60.2, 64.6, 55.8, 47.1, 51.5, 42.7, 30.8
329, 2010-11-26, 53.5, 57.2, 49.8, 60, 64.4, 55.6, 47, 51.4, 42.6, 31.1
330, 2010-11-27, 53.3, 57, 49.6, 59.7, 64, 55.4, 46.8, 51.2, 42.4, 31.4
331, 2010-11-28, 53.1, 56.8, 49.4, 59.5, 63.8, 55.2, 46.6, 51, 42.2, 31.7
332, 2010-11-29, 52.9, 56.6, 49.2, 59.2, 63.5, 54.9, 46.5, 51, 42, 32
333, 2010-11-30, 52.7, 56.4, 49, 59, 63.2, 54.8, 46.3, 50.8, 41.8, 32.2
334, 2010-12-01, 52.5, 56.2, 48.8, 58.8, 63, 54.6, 46.2, 50.7, 41.7, 32.5
335, 2010-12-02, 52.3, 56, 48.6, 58.6, 62.8, 54.4, 46, 50.5, 41.5, 32.8
336, 2010-12-03, 52.1, 55.8, 48.4, 58.3, 62.4, 54.2, 45.9, 50.4, 41.4, 33.1
337, 2010-12-04, 52, 55.7, 48.3, 58.1, 62.2, 54, 45.8, 50.3, 41.3, 33.4
338, 2010-12-05, 51.8, 55.5, 48.1, 57.9, 62, 53.8, 45.6, 50.1, 41.1, 33.6
339, 2010-12-06, 51.6, 55.3, 47.9, 57.8, 61.9, 53.7, 45.5, 50.1, 40.9, 33.8
340, 2010-12-07, 51.5, 55.2, 47.8, 57.6, 61.7, 53.5, 45.4, 50, 40.8, 34
341, 2010-12-08, 51.3, 55, 47.6, 57.4, 61.5, 53.3, 45.2, 49.8, 40.6, 34.2
342, 2010-12-09, 51.2, 55, 47.4, 57.2, 61.3, 53.1, 45.1, 49.7, 40.5, 34.3
343, 2010-12-10, 51, 54.8, 47.2, 57.1, 61.2, 53, 45, 49.7, 40.3, 34.5
344, 2010-12-11, 50.9, 54.7, 47.1, 56.9, 61, 52.8, 44.9, 49.6, 40.2, 34.6
345, 2010-12-12, 50.8, 54.6, 47, 56.8, 60.9, 52.7, 44.8, 49.6, 40, 34.7
346, 2010-12-13, 50.7, 54.6, 46.8, 56.7, 60.8, 52.6, 44.7, 49.5, 39.9, 34.8
347, 2010-12-14, 50.6, 54.5, 46.7, 56.5, 60.6, 52.4, 44.6, 49.4, 39.8, 34.9
348, 2010-12-15, 50.5, 54.5, 46.5, 56.4, 60.5, 52.3, 44.5, 49.4, 39.6, 34.9
349, 2010-12-16, 50.4, 54.4, 46.4, 56.3, 60.5, 52.1, 44.4, 49.3, 39.5, 35
350, 2010-12-17, 50.3, 54.3, 46.3, 56.2, 60.4, 52, 44.3, 49.2, 39.4, 35
351, 2010-12-18, 50.2, 54.2, 46.2, 56.1, 60.3, 51.9, 44.2, 49.2, 39.2, 35.1
352, 2010-12-19, 50.1, 54.1, 46.1, 56, 60.2, 51.8, 44.2, 49.2, 39.2, 35.1
353, 2010-12-20, 50, 54.1, 45.9, 55.9, 60.1, 51.7, 44.1, 49.1, 39.1, 35.1
354, 2010-12-21, 49.9, 54, 45.8, 55.9, 60.1, 51.7, 44, 49, 39, 35.1
355, 2010-12-22, 49.9, 54, 45.8, 55.8, 60, 51.6, 44, 49, 39, 35.1
356, 2010-12-23, 49.8, 53.9, 45.7, 55.7, 59.9, 51.5, 43.9, 48.9, 38.9, 35.1
357, 2010-12-24, 49.8, 53.9, 45.7, 55.7, 59.9, 51.5, 43.9, 48.9, 38.9, 35.1
358, 2010-12-25, 49.7, 53.8, 45.6, 55.6, 59.8, 51.4, 43.8, 48.9, 38.7, 35.2
359, 2010-12-26, 49.7, 53.8, 45.6, 55.6, 59.9, 51.3, 43.8, 48.9, 38.7, 35.4
360, 2010-12-27, 49.7, 53.8, 45.6, 55.6, 59.9, 51.3, 43.8, 48.9, 38.7, 35.5
361, 2010-12-28, 49.6, 53.7, 45.5, 55.5, 59.8, 51.2, 43.7, 48.8, 38.6, 35.6
362, 2010-12-29, 49.6, 53.7, 45.5, 55.5, 59.8, 51.2, 43.7, 48.8, 38.6, 35.6
363, 2010-12-30, 49.6, 53.7, 45.5, 55.5, 59.8, 51.2, 43.7, 48.8, 38.6, 35.7
364, 2010-12-31, 49.6, 53.7, 45.5, 55.5, 59.8, 51.2, 43.7, 48.7, 38.7, 35.7
